32 3 4
0 0 1 2
1 2
2 1 2
3 2
0 0
1 3 2 1
2 2 2 1
3 1 2 1
4 5 2 1
5 2 2 1
6 2 2 1
7 2 2 1
8 2 2 1
9 5 1 1
10 3 2 1
11 2 2 1
12 3 1 1
13 1 2 1
14 2 2 1
15 5 2 1
16 5 2 1
17 2 2 1
18 2 2 1
19 4 1 1
20 2 2 1
21 1 2 1
22 2 2 1
23 3 2 1
24 3 2 1
25 2 2 1
26 1 2 1
27 3 2 1
28 1 1 1
29 5 0 1
30 3 2 1
31 0
0 1 2 3
1 8 16 26
2 4 9 12
3 5 24
4 10
5 6
6 7 11
7 14 25 28
8 12
9 20
10 17 18
11 13 23
12 15
13 25 28
14 18
15 21 27
16 17
17 19 30
18 27
19 22
20 22 24
21 29
22 23
23 27
24 28
25 26 30
26 29
27 29
28 31
29 31
30 31
31
