32 3 4
0 1
1 1
2 0 1 2
3 1 2
0 0
1 4 1 1
2 2 1 1
3 1 2 1
4 2 1 1
5 3 0 1
6 3 1 1
7 3 1 1
8 1 1 1
9 6 1 1
10 1 1 1
11 3 0 1
12 1 1 1
13 2 1 1
14 2 1 1
15 2 1 1
16 1 0 1
17 5 1 1
18 3 1 1
19 4 1 1
20 3 1 1
21 1 2 1
22 1 1 1
23 2 1 1
24 2 1 1
25 2 1 1
26 2 1 1
27 3 2 1
28 2 2 1
29 2 1 1
30 4 1 1
31 0
0 1 2 3
1 4 5 6
2 8
3 29
4 16 19
5 7 10 12
6 23
7 15 18
8 9 11 17
9 13
10 14 15 23
11 27
12 20
13 18 25
14 27
15 19
16 21
17 27
18 26 28
19 30
20 28 29
21 22 24 26
22 25
23 24
24 29
25 30
26 30
27 28
28 31
29 31
30 31
31
