32 3 6
0 2
1 1 2
2 0 1 2
3 1 2
4 1 2
5 1
0 0
1 2 1 1
2 6 2 1
3 2 1 1
4 3 2 2
5 4 2 2
6 1 1 2
7 2 2 1
8 1 2 1
9 3 1 1
10 2 0 1
11 3 1 1
12 1 1 1 2 1
13 1 1 2
14 2 2 2
15 3 1 1
16 4 1 1
17 1 2 1
18 1 2 1
19 3 1 1
20 4 1 1
21 3 1 1 2 1
22 3 1 1 2 1
23 4 1 1
24 3 2 1
25 2 2 1
26 3 2 2
27 2 1 1 2 1
28 3 1 1
29 3 1 1
30 4 2 1
31 0
0 1 2 3
1 4 9 27
2 5 8 10
3 6 10 23
4 16 18 21
5 7 14 21
6 19 20
7 19 22 24
8 26 27
9 12 23
10 11 26
11 17
12 13 17 18
13 15
14 17 22 30
15 24
16 19 28 29
17 20
18 20 24
19 30
20 25 28
21 30
22 23 25
23 26
24 25
25 29
26 29
27 28
28 31
29 31
30 31
31
