32 3 4
0 0 1 2
1 1 2
2 2
3 1
0 0
1 1 2 1
2 4 0 1
3 1 1 1
4 2 1 1
5 5 1 1
6 2 2 1
7 5 0 1
8 1 1 1
9 2 1 1
10 3 1 1
11 5 2 1
12 3 1 1
13 2 2 1
14 1 1 1
15 3 1 1
16 1 1 1
17 3 2 1
18 3 2 1
19 4 1 1
20 6 1 1
21 4 0 1
22 3 1 1
23 2 2 1
24 4 1 1
25 2 2 1
26 3 2 1
27 4 2 1
28 3 1 1
29 2 2 1
30 5 1 1
31 0
0 1 2 3
1 4 11 14
2 23
3 18
4 5 6 17
5 25
6 7 18 23
7 8 9 19
8 20 21 25
9 10 12 20
10 16 21
11 13 15 19
12 13 16 22
13 21 26
14 17
15 17 28
16 27
17 20 24
18 29
19 22 30
20 22
21 24 27
22 29
23 24 25 28
24 30
25 30
26 27 29
27 28
28 31
29 31
30 31
31
