32 3 5
0 1 2
1 0 1 2
2 2
3 1 2
4 2
0 0
1 3 2 1
2 1 2 1
3 2 2 1
4 1 2 1
5 1 1 1
6 4 2 1
7 4 2 1
8 2 2 1
9 3 1 1
10 1 2 1
11 4 2 1
12 4 0 1
13 2 2 1
14 3 1 1
15 2 2 1
16 5 2 1
17 1 1 1
18 3 2 1
19 2 1 1
20 1 2 1
21 3 1 1
22 1 2 1
23 2 2 1
24 2 2 1
25 1 2 1
26 3 1 1
27 2 2 1
28 2 2 1
29 2 1 1
30 1 0 1
31 0
0 1 2 3
1 6 19 26
2 4 9
3 5 7 8
4 11
5 27 28
6 14 15 24
7 10 23
8 25
9 12 13 16
10 26
11 15
12 30
13 17 18
14 21
15 29
16 25 26
17 24
18 20
19 23
20 21 22
21 29
22 24
23 25
24 30
25 29
26 27 28
27 30
28 31
29 31
30 31
31
