32 3 4
0 1 2
1 2
2 0 1 2
3 2
0 0
1 2 2 1
2 3 2 1
3 4 2 1
4 4 2 1
5 2 2 1
6 1 2 1
7 2 0 1
8 3 2 1
9 2 2 1
10 2 1 1
11 1 2 1
12 4 2 1
13 2 2 1
14 1 2 1
15 3 2 1
16 3 1 1
17 3 2 1
18 3 2 1
19 2 2 1
20 1 2 1
21 2 2 1
22 3 2 1
23 2 2 1
24 3 2 1
25 4 1 1
26 1 1 1
27 1 2 1
28 3 2 1
29 2 2 1
30 4 1 1
31 0
0 1 2 3
1 5 27
2 16
3 4 7 8
4 10 20
5 6 14
6 9 19
7 11 18
8 24 29
9 15 17
10 13
11 12
12 17 25
13 17 28
14 18
15 23
16 25
17 29
18 22
19 22 24
20 21 22
21 24 28
22 29
23 25 26
24 26
25 30
26 30
27 28
28 31
29 31
30 31
31
