32 3 5
0 1 2
1 1 2
2 1 2
3 0 1
4 2
0 0
1 2 2 1
2 1 0 1
3 2 2 1
4 2 1 1
5 2 2 1
6 4 1 1
7 3 2 1
8 9 1 1
9 3 2 1
10 2 2 1
11 2 1 1
12 4 1 1
13 1 1 1
14 2 2 1
15 4 1 1
16 4 2 1
17 2 0 1
18 2 2 1
19 2 2 1
20 2 2 1
21 1 2 1
22 3 2 1
23 5 2 1
24 2 0 1
25 1 0 1
26 4 2 1
27 2 2 1
28 1 1 1
29 3 2 1
30 1 2 1
31 0
0 1 2 3
1 24
2 4 5 12
3 8 13 14
4 6 7 15
5 30
6 10 16 27
7 11 17 29
8 9 26
9 11 16
10 13
11 23
12 29
13 20 21 25
14 19
15 18
16 20
17 22
18 30
19 21
20 24
21 28
22 26
23 24 30
24 28
25 26
26 28
27 29
28 31
29 31
30 31
31
