32 3 6
0 1 2
1 2
2 1 2
3 0 1
4 1 2
5 1 2
0 0
1 2 2 1
2 2 2 1
3 2 2 1
4 3 2 1
5 3 0 1 1 1
6 3 1 1
7 1 1 1
8 1 1 1 2 1
9 2 0 1 1 1
10 3 1 1
11 2 2 2
12 5 1 1 2 1
13 1 1 1 2 1
14 3 2 2
15 4 1 1 2 1
16 1 1 1
17 3 0 1 2 1
18 2 1 2
19 3 1 1
20 2 0 1 1 1
21 1 2 2
22 1 1 1 2 1
23 2 1 1 2 1
24 3 2 1
25 3 2 1
26 2 2 1
27 2 2 1
28 5 1 1 2 1
29 2 1 2
30 2 1 1
31 0
0 1 2 3
1 4 11 15
2 7
3 5 12 21
4 6 9 22
5 8 13 20
6 10 12 16
7 8 13 15
8 23
9 18 24
10 28 30
11 22
12 20
13 14 19 25
14 24 26 27
15 25 30
16 17 19 27
17 20 26 29
18 21
19 23 29
20 24 28
21 23
22 25
23 26
24 30
25 27
26 28
27 29
28 31
29 31
30 31
31
