32 3 4
0 1 2
1 0 1
2 1 2
3 1
0 0
1 2 0 1
2 2 2 1
3 5 2 1
4 3 0 1
5 2 1 1
6 2 0 1
7 2 1 1
8 2 2 1
9 2 2 1
10 5 2 1
11 2 1 1
12 3 0 1
13 1 1 1
14 1 2 1
15 2 0 1
16 2 1 1
17 3 1 1
18 1 2 1
19 2 1 1
20 2 1 1
21 3 2 1
22 1 2 1
23 1 1 1
24 2 1 1
25 2 2 1
26 2 2 1
27 2 1 1
28 2 0 1
29 4 1 1
30 2 1 1
31 0
0 1 2 3
1 6
2 7 12
3 4 5 17
4 10 14
5 8 11 16
6 9 19
7 21 25
8 15 23
9 24 28
10 12
11 27 29
12 13 18 28
13 22
14 26
15 26
16 18
17 24
18 20
19 23 29
20 24
21 30
22 26
23 25 30
24 30
25 27
26 29
27 28
28 31
29 31
30 31
31
