32 3 4
0 1 2
1 1
2 0 1 2
3 2
0 0
1 3 1 1
2 2 1 1
3 1 0 1
4 2 1 1
5 3 1 1
6 1 2 1
7 2 2 1
8 1 1 1
9 2 2 1
10 3 2 1
11 3 0 1
12 3 2 1
13 2 2 1
14 4 0 1
15 3 2 1
16 6 2 1
17 1 0 1
18 3 2 1
19 2 2 1
20 3 1 1
21 1 1 1
22 1 2 1
23 4 2 1
24 5 2 1
25 3 1 1
26 3 1 1
27 2 2 1
28 1 2 1
29 4 1 1
30 2 2 1
31 0
0 1 2 3
1 4
2 10
3 6 7 15
4 5
5 18
6 8 23 27
7 21 24
8 9 11 13
9 12 14 16
10 17 28 30
11 16
12 20 24
13 19 25
14 28
15 21
16 18
17 22 26
18 20 29
19 20
20 21
21 28
22 29
23 26
24 26
25 30
26 29
27 30
28 31
29 31
30 31
31
