32 3 4
0 0 1 2
1 1
2 1 2
3 1 2
0 0
1 4 2 1
2 1 1 1
3 2 1 1
4 1 1 1
5 1 0 1
6 4 1 1
7 3 2 1
8 2 0 1
9 2 0 1
10 1 1 1
11 4 1 1
12 1 1 1
13 3 2 1
14 2 2 1
15 2 1 1
16 4 1 1
17 3 0 1
18 4 1 1
19 5 0 1
20 2 1 1
21 2 2 1
22 3 2 1
23 6 2 1
24 7 1 1
25 3 1 1
26 5 1 1
27 3 1 1
28 2 1 1
29 1 2 1
30 3 2 1
31 0
0 1 2 3
1 5 6 8
2 9 21
3 4
4 20
5 7 18 29
6 11
7 10 25
8 13
9 15 17
10 12 17 23
11 14 15
12 14
13 18
14 16 19 30
15 22
16 27
17 28
18 24 26
19 27
20 22 29
21 22
22 24 26
23 30
24 25
25 30
26 27
27 28
28 31
29 31
30 31
31
