32 3 5
0 1 2
1 1 2
2 2
3 2
4 0 1 2
0 0
1 2 0 1
2 2 2 1
3 3 2 1
4 3 2 1
5 3 2 1
6 2 2 1
7 2 2 1
8 5 1 1
9 2 1 1
10 1 2 1
11 3 1 1
12 2 1 1
13 3 2 1
14 6 1 1
15 2 1 1
16 3 1 1
17 5 2 1
18 5 1 1
19 1 2 1
20 4 2 1
21 3 1 1
22 3 2 1
23 3 2 1
24 4 2 1
25 2 2 1
26 3 2 1
27 3 2 1
28 4 2 1
29 2 2 1
30 2 2 1
31 0
0 1 2 3
1 5 15 16
2 4 11 22
3 10 12 21
4 6 7 8
5 24
6 13 26 28
7 9
8 14
9 17 20
10 15
11 16 17
12 28
13 14 19 21
14 16
15 18
16 23
17 26
18 25
19 20
20 29
21 23
22 24
23 24
24 30
25 28 30
26 27
27 29
28 31
29 31
30 31
31
