32 3 4
0 1 2
1 1
2 1 2
3 0 1 2
0 0
1 2 1 1
2 1 2 1
3 3 2 1
4 2 0 1
5 4 0 1
6 2 0 1
7 2 2 1
8 1 2 1
9 2 2 1
10 2 1 1
11 2 1 1
12 1 2 1
13 2 2 1
14 2 1 1
15 2 1 1
16 1 1 1
17 3 1 1
18 1 1 1
19 3 1 1
20 2 2 1
21 1 2 1
22 1 1 1
23 2 1 1
24 1 1 1
25 3 2 1
26 1 2 1
27 2 2 1
28 2 1 1
29 3 2 1
30 1 1 1
31 0
0 1 2 3
1 11 22
2 4 7 16
3 5 18 23
4 6 9 25
5 15 21 27
6 8
7 10
8 23
9 12 21
10 14 24
11 25
12 13
13 19 27
14 23
15 20
16 17
17 26
18 19 20 29
19 28
20 22
21 24 29
22 26
23 26
24 30
25 28
26 28
27 30
28 31
29 31
30 31
31
