32 3 4
0 0 1 2
1 1 2
2 1 2
3 1 2
0 0
1 3 1 1
2 3 1 1
3 5 0 1
4 2 1 1
5 3 2 1
6 3 2 1
7 3 1 1
8 1 2 1
9 3 1 1
10 5 2 1
11 2 2 1
12 2 2 1
13 3 2 1
14 5 1 1
15 4 1 1
16 2 1 1
17 1 1 1
18 2 1 1
19 2 1 1
20 3 1 1
21 3 1 1
22 3 1 1
23 2 1 1
24 1 1 1
25 2 2 1
26 2 2 1
27 1 1 1
28 3 2 1
29 3 1 1
30 2 2 1
31 0
0 1 2 3
1 5 6 8
2 7 9 12
3 4 5
4 6 8 29
5 16 27
6 13 17 18
7 24
8 10 11
9 10 11
10 15 23
11 25
12 19
13 14 15
14 20 21
15 19 20 24
16 18 20 29
17 19 21 23
18 25
19 27
20 28 30
21 22 25
22 26
23 24 27
24 26
25 26
26 28 30
27 30
28 31
29 31
30 31
31
