32 3 5
0 0 1 2
1 1 2
2 1
3 1 2
4 1 2
0 0
1 4 2 1
2 3 1 1
3 4 2 1
4 3 2 1
5 3 1 1
6 2 1 1
7 3 1 1
8 1 2 1
9 2 1 1
10 2 1 1
11 4 2 1
12 2 2 1
13 1 0 1
14 1 2 1
15 1 0 1
16 2 2 1
17 2 1 1
18 1 1 1
19 1 1 1
20 4 1 1
21 1 1 1
22 1 1 1
23 1 2 1
24 3 2 1
25 2 2 1
26 1 1 1
27 2 2 1
28 5 2 1
29 3 1 1
30 2 2 1
31 0
0 1 2 3
1 4 5
2 11 15 24
3 9
4 6 7 18
5 11 17
6 8 12 27
7 10
8 13 16 19
9 18 22 24
10 14 23
11 16 27
12 14
13 17
14 20 24
15 16 23
16 20 21 26
17 20 23
18 21 26 29
19 21 22 25
20 30
21 30
22 29
23 25 26
24 25
25 30
26 28
27 28 29
28 31
29 31
30 31
31
