32 3 4
0 2
1 0 1 2
2 1 2
3 1 2
0 0
1 1 2 1
2 2 1 1
3 3 1 1
4 3 2 1
5 3 2 1
6 2 2 1
7 2 0 1
8 1 2 1
9 4 2 1
10 6 2 1
11 1 0 1
12 2 1 1
13 1 1 1
14 1 2 1
15 2 2 1
16 7 2 1
17 2 2 1
18 1 2 1
19 3 2 1
20 1 1 1
21 3 2 1
22 4 2 1
23 2 2 1
24 2 2 1
25 2 1 1
26 3 1 1
27 3 2 1
28 2 2 1
29 1 1 1
30 3 2 1
31 0
0 1 2 3
1 4 10 18
2 15
3 5 6 13
4 7 8 11
5 9 22
6 23
7 26
8 21
9 12
10 20
11 12 14
12 17 24 25
13 23
14 16 21
15 18 30
16 19
17 27
18 28
19 28
20 27
21 30
22 29
23 24 25 30
24 27 29
25 26
26 29
27 28
28 31
29 31
30 31
31
