32 3 5
0 2
1 1 2
2 1 2
3 0 1 2
4 2
0 0
1 2 2 1
2 3 1 1
3 2 1 1
4 2 2 1
5 1 2 1
6 2 2 1
7 2 2 1
8 1 2 1
9 2 2 1
10 1 1 1
11 2 1 1
12 2 2 1
13 6 2 1
14 2 2 1
15 2 2 1
16 1 2 1
17 2 0 1
18 1 2 1
19 1 1 1
20 1 2 1
21 2 1 1
22 1 2 1
23 6 2 1
24 3 0 1
25 2 2 1
26 2 0 1
27 1 2 1
28 1 2 1
29 3 2 1
30 4 1 1
31 0
0 1 2 3
1 5 13
2 4 12 21
3 6 8 9
4 11
5 7 9 16
6 15 18 23
7 18
8 10 21 24
9 10
10 14 17 27
11 17
12 22 27
13 15 26
14 20 23
15 19 24 25
16 21 22
17 26 28
18 20 22
19 27 29
20 25
21 23 28
22 25 30
23 26
24 29 30
25 29
26 30
27 28
28 31
29 31
30 31
31
