32 3 4
0 1
1 1 2
2 0 1
3 1 2
0 0
1 2 1 1
2 1 2 1
3 2 1 1
4 4 0 1
5 3 1 1
6 4 0 1
7 2 0 1
8 2 1 1
9 4 1 1
10 3 1 1
11 2 0 1
12 3 1 1
13 2 1 1
14 5 1 1
15 4 1 1
16 2 1 1
17 3 0 1
18 2 1 1
19 2 2 1
20 3 1 1
21 1 1 1
22 1 1 1
23 3 1 1
24 2 1 1
25 2 1 1
26 4 1 1
27 5 1 1
28 3 1 1
29 5 1 1
30 2 1 1
31 0
0 1 2 3
1 5
2 18
3 4
4 6 9 10
5 22
6 7 8 11
7 12 17
8 13 15
9 12 25
10 16 28
11 19 26
12 14 20
13 14 17
14 24
15 27 30
16 17
17 21 23 29
18 27
19 27
20 28
21 24
22 28
23 24 25
24 26
25 26
26 30
27 29
28 31
29 31
30 31
31
