32 3 4
0 1 2
1 0 1 2
2 1 2
3 2
0 0
1 3 0 1
2 4 2 1
3 3 2 1
4 3 2 1
5 4 1 1
6 3 2 1
7 1 1 1
8 2 2 1
9 2 1 1
10 2 2 1
11 2 2 1
12 3 2 1
13 1 2 1
14 1 2 1
15 2 2 1
16 4 2 1
17 1 2 1
18 3 2 1
19 4 2 1
20 1 0 1
21 1 1 1
22 4 0 1
23 3 1 1
24 3 1 1
25 3 2 1
26 2 1 1
27 2 1 1
28 1 2 1
29 1 1 1
30 2 1 1
31 0
0 1 2 3
1 5 7
2 4 5 6
3 15 17 21
4 10 11 24
5 8
6 11 15 19
7 8 15
8 9 21 25
9 22 24 28
10 13 21
11 12 14 30
12 16 23
13 14 20
14 26
15 16 18
16 26
17 25 28
18 24
19 22 26 28
20 30
21 23 27
22 23
23 29
24 27 29
25 27
26 29
27 30
28 31
29 31
30 31
31
