32 3 4
0 1 2
1
2 1
3 0 1 2
0 0
1 3 2 1
2 1 1 1
3 1
4 2 0 1
5 6
6 2 1 1
7 2 1 1
8 5 2 1
9 4 2 1
10 3 0 1
11 3
12 1 1 1
13 5 2 1
14 1
15 3 0 1
16 3
17 4 1 1
18 2 1 1
19 2
20 1
21 3
22 2 1 1
23 7 1 1
24 1 1 1
25 2 1 1
26 2
27 2 1 1
28 1
29 5 1 1
30 5
31 0
0 1 2 3
1 7 26
2 4 5 6
3 8 11 18
4 7 8 22
5 10 19
6 19 24
7 9 13 20
8 9 20
9 12 14 27
10 11 14 16
11 23
12 15 17
13 15 28 29
14 15
15 30
16 21
17 29
18 19 24 25
19 27 28
20 29
21 22 23
22 30
23 24 25 28
24 26
25 26
26 27
27 30
28 31
29 31
30 31
31
