32 3 4
0 1 2
1 1 2
2 0 1
3 1 2
0 0
1 3 1 1
2 1 2 1
3 5 2 1
4 2 2 1
5 1 1 1
6 2 2 1
7 3 0 1
8 3 2 1
9 2 1 1
10 2 1 1
11 2 2 1
12 2 2 1
13 1 2 1
14 2 1 1
15 2 2 1
16 4 1 1
17 3 1 1
18 3 1 1
19 3 1 1
20 4 1 1
21 1 1 1
22 2 2 1
23 2 2 1
24 4 1 1
25 4 0 1
26 3 2 1
27 2 1 1
28 3 0 1
29 2 2 1
30 3 1 1
31 0
0 1 2 3
1 5 10 14
2 6 7 12
3 4 8 9
4 19
5 29
6 26
7 11 18 26
8 13
9 15 24
10 19 25
11 13
12 16 17
13 16
14 24
15 20 21
16 21
17 19 21
18 23 28
19 22 24
20 27
21 22
22 23
23 29
24 29
25 30
26 27
27 30
28 31
29 31
30 31
31
