32 3 4
0 1 2
1 0 1
2 1 2
3 1
0 0
1 6 1 1
2 3 2 1
3 2 0 1
4 3 1 1
5 3 1 1
6 1 1 1
7 3 1 1
8 2 2 1
9 5 1 1
10 2 1 1
11 4 1 1
12 3 1 1
13 2 1 1
14 5 2 1
15 2 1 1
16 3 1 1
17 1 1 1
18 2 2 1
19 4 1 1
20 4 0 1
21 3 1 1
22 3 2 1
23 3 0 1
24 2 2 1
25 2 2 1
26 3 2 1
27 2 1 1
28 2 1 1
29 3 1 1
30 2 1 1
31 0
0 1 2 3
1 5 21
2 4
3 6 19
4 7 10 19
5 13 14 16
6 9 14
7 8 30
8 17
9 10 12
10 11
11 28
12 23 27
13 15 17
14 25 26
15 20
16 18 24
17 18
18 22
19 21
20 30
21 27
22 28
23 28 29
24 26
25 27
26 29 30
27 29
28 31
29 31
30 31
31
