32 3 5
0 2
1 1 2
2 0 1 2
3 2
4 1 2
0 0
1 4 2 1
2 1 0 1
3 4 2 1
4 4 1 1
5 1 1 1
6 3 1 1
7 2 2 1
8 3 2 1
9 4 2 1
10 2 2 1
11 1 2 1
12 4 2 1
13 5 2 1
14 2 2 1
15 5 1 1
16 2 0 1
17 2 1 1
18 1 2 1
19 3 0 1
20 1 2 1
21 3 2 1
22 1 2 1
23 4 2 1
24 3 1 1
25 3 0 1
26 2 2 1
27 2 0 1
28 3 2 1
29 4 2 1
30 2 2 1
31 0
0 1 2 3
1 6 10 15
2 4 9 11
3 7 18 21
4 5 14
5 21 30
6 8 22 27
7 13 17 24
8 12 25 29
9 16 20
10 17 19 21
11 16 22
12 18 30
13 19 20
14 20 26
15 16
16 23
17 23 27
18 28
19 28
20 22
21 23 24
22 30
23 26 29
24 25 27
25 26
26 28
27 29
28 31
29 31
30 31
31
