32 3 4
0 1 2
1 0 2
2 1 2
3 1 2
0 0
1 4 2 1
2 3 1 1
3 1 2 1
4 1 2 1
5 3 1 1
6 4 1 1
7 3 2 1
8 4 2 1
9 1 1 1
10 3 1 1
11 1 2 1
12 3 2 1
13 2 2 1
14 2 2 1
15 1 2 1
16 4 2 1
17 3 1 1
18 2 2 1
19 2 2 1
20 3 1 1
21 3 2 1
22 2 1 1
23 1 2 1
24 4 2 1
25 5 2 1
26 1 0 1
27 5 2 1
28 4 2 1
29 4 1 1
30 1 1 1
31 0
0 1 2 3
1 13
2 22 30
3 4 14 18
4 5 6 10
5 8
6 7 9 11
7 17
8 21
9 23 29
10 16 26
11 12 15 19
12 26 27
13 14
14 21 29
15 16 27
16 24
17 25
18 19 28
19 20
20 26
21 25
22 24
23 28
24 28
25 30
26 30
27 29
28 31
29 31
30 31
31
