32 3 4
0 0 1 2
1 2
2 1
3 1 2
0 0
1 4 1 1
2 2 1 1
3 1 2 1
4 4 2 1
5 1 2 1
6 2 1 1
7 1 1 1
8 1 2 1
9 2 2 1
10 1 1 1
11 1 1 1
12 4 1 1
13 1 2 1
14 1 2 1
15 1 2 1
16 3 0 1
17 1 2 1
18 1 2 1
19 3 2 1
20 4 1 1
21 1 1 1
22 6 2 1
23 1 2 1
24 3 2 1
25 1 2 1
26 2 2 1
27 4 1 1
28 3 1 1
29 3 2 1
30 3 2 1
31 0
0 1 2 3
1 7 13 14
2 5 6 15
3 4 9 10
4 8 18 20
5 11
6 12
7 19
8 28
9 24
10 17
11 23 28
12 19
13 22 23
14 16 30
15 21
16 22
17 18 26
18 19
19 21
20 22 26
21 25
22 24 27
23 26
24 25 28
25 29
26 27
27 29
28 31
29 31
30 31
31
