62 3 6
0 1 2
1 1
2 2
3 0 1 2
4 1 2
5 1 2
0 0
1 1 2 2
2 2 0 1
3 2 1 2
4 1 2 1
5 3 1 1 2 1
6 3 2 1
7 4 1 1
8 1 2 1
9 1 1 1
10 1 1 1
11 2 2 1
12 2 1 1 2 1
13 1 1 1
14 5 1 1 2 1
15 2 1 1 2 1
16 3 2 1
17 2 1 1
18 3 2 2
19 1 1 1 2 1
20 2 2 1
21 2 1 1
22 2 1 1 2 1
23 3 1 1
24 2 1 1 2 1
25 1 1 1
26 3 1 2
27 2 1 1
28 3 1 1 2 1
29 2 1 2
30 1 1 1
31 3 1 1
32 3 2 2
33 2 2 2
34 3 1 1 2 1
35 1 1 1 2 1
36 3 1 1
37 2 1 1 2 1
38 4 2 1
39 1 1 2
40 4 1 1
41 2 1 1 2 1
42 2 0 1
43 3 1 1 2 1
44 4 1 1
45 4 1 1 2 1
46 3 1 2
47 3 1 1
48 2 2 2
49 4 1 1 2 1
50 3 1 1 2 1
51 3 2 1
52 1 1 1 2 1
53 3 1 1
54 2 1 1 2 1
55 3 1 1
56 1 2 1
57 2 1 1
58 3 1 1 2 1
59 2 1 1 2 1
60 3 2 1
61 0
0 1 2 3
1 7 8 27
2 5 12 18
3 4 49
4 6 11 23
5 10 47 60
6 25 32
7 13 16 26
8 9 14 29
9 22
10 20 31 39
11 17
12 35
13 56
14 15 21 46
15 45
16 24
17 51
18 19 46
19 37 50
20 27 42
21 31 33 36
22 52
23 48
24 35 38
25 40 52
26 28
27 38
28 60
29 30
30 34
31 54
32 41 44
33 43
34 42 47
35 50
36 58
37 45
38 53 59
39 45
40 41
41 55
42 55
43 44
44 47 54
45 54
46 52
47 48 50
48 51
49 57
50 56
51 55
52 59
53 56
54 58
55 59
56 58
57 60
58 61
59 61
60 61
61
