62 3 6
0 1
1 0 1 2
2 2
3 1 2
4 1 2
5 1 2
0 0
1 5 2 1
2 3 2 1
3 1 2 1
4 1 1 1 2 1
5 1 1 1 2 1
6 4 1 1 2 1
7 3 2 1
8 3 0 1 2 1
9 1 2 2
10 2 1 1
11 3 1 1 2 1
12 3 1 1 2 1
13 1 1 2
14 2 1 1
15 5 1 2
16 2 1 2
17 3 1 2
18 2 0 1 2 1
19 3 1 1
20 4 1 1 2 1
21 2 2 1
22 4 1 1 2 1
23 3 1 1 2 1
24 1 1 1
25 3 2 1
26 4 2 1
27 5 2 1
28 2 2 1
29 2 2 2
30 4 2 1
31 5 1 1 2 1
32 1 1 1 2 1
33 1 2 1
34 3 1 1 2 1
35 2 1 1
36 3 0 1 2 1
37 3 2 1
38 1 1 1 2 1
39 3 1 1
40 3 0 1 2 1
41 1 1 1 2 1
42 2 1 1 2 1
43 2 1 1
44 3 1 1 2 1
45 2 2 1
46 1 2 2
47 2 1 1
48 3 1 2
49 4 0 1 1 1
50 2 2 2
51 1 1 1 2 1
52 3 2 2
53 2 1 1 2 1
54 1 2 1
55 3 1 1 2 1
56 3 2 1
57 2 1 1 2 1
58 1 2 1
59 3 1 1 2 1
60 4 1 1
61 0
0 1 2 3
1 5 6 9
2 4 7 60
3 10 12 34
4 37
5 8 14 25
6 11 18 27
7 19
8 13 24
9 57
10 15 16 26
11 15 31 38
12 30 49
13 26 53
14 17 22 43
15 42
16 56 58
17 20 29 35
18 23
19 28 44 47
20 21 41 42
21 31 36
22 39 42 46
23 30 39
24 28 36 49
25 27 32
26 29 40
27 33 47
28 31
29 45 51
30 38 54
31 37 39
32 46 52
33 43 44
34 55
35 49
36 47 50
37 40 45 46
38 48
39 45 50 55
40 50
41 51 54
42 51
43 60
44 57
45 54
46 48
47 48 53
48 59
49 52 56
50 56
51 55
52 53 60
53 57
54 58
55 59
56 59
57 58
58 61
59 61
60 61
61
