62 3 5
0 1 2
1 1 2
2 1
3 0 1 2
4 1 2
0 0
1 2 0 1
2 1 1 1
3 1 2 1
4 1 0 1
5 5 1 1
6 1 1 1
7 1 1 1
8 4 1 1
9 1 1 1
10 3 1 1
11 3 2 1
12 3 1 1
13 2 1 1
14 1 1 1
15 3 0 1
16 3 1 1
17 1 1 1
18 4 1 1
19 4 2 1
20 1 1 1
21 2 2 1
22 4 0 1
23 2 0 1
24 2 2 1
25 4 1 1
26 1 1 1
27 1 2 1
28 5 0 1
29 2 1 1
30 2 1 1
31 5 1 1
32 2 2 1
33 2 1 1
34 3 1 1
35 4 1 1
36 4 1 1
37 2 1 1
38 3 2 1
39 4 1 1
40 4 1 1
41 5 2 1
42 2 1 1
43 4 2 1
44 2 1 1
45 2 1 1
46 1 2 1
47 5 1 1
48 3 1 1
49 4 1 1
50 2 1 1
51 2 2 1
52 4 1 1
53 2 1 1
54 1 0 1
55 6 2 1
56 1 1 1
57 2 1 1
58 2 2 1
59 4 1 1
60 4 2 1
61 0
0 1 2 3
1 4 21 34
2 5 6 39
3 7 8 23
4 11 36 37
5 16
6 15 30 38
7 9 13 14
8 10 31
9 12 41
10 18 20 29
11 12
12 19 35 47
13 54
14 17
15 28 32 45
16 46 56 60
17 24
18 22 43
19 25 27 52
20 37
21 26 33
22 27
23 32
24 50
25 45
26 44
27 28 50
28 49
29 38
30 58
31 51
32 37
33 42 50
34 40 57
35 56
36 56
37 44
38 55
39 44
40 55
41 49
42 48
43 51
44 51
45 59
46 47
47 48
48 53
49 59
50 60
51 55
52 53 57
53 54
54 58
55 59
56 58
57 60
58 61
59 61
60 61
61
