62 3 4
0 1
1 0
2 1 2
3 2
0 0
1 1 2 1
2 3 1 1
3 4 2 1
4 4 1 1
5 1 2 1
6 1 0 1
7 3 2 1
8 1 1 1
9 3 1 1
10 2 0 1
11 2 0 1
12 3 2 1
13 1 0 1
14 2 2 1
15 2 0 1
16 2 1 1
17 3 1 1
18 3 2 1
19 2 1 1
20 1 2 1
21 1 1 1
22 4 1 1
23 2 0 1
24 6 0 1
25 1 1 1
26 2 2 1
27 1 2 1
28 3 1 1
29 1 2 1
30 1 2 1
31 4 1 1
32 1 1 1
33 1 1 1
34 4 1 1
35 3 2 1
36 1 2 1
37 2 1 1
38 3 1 1
39 3 1 1
40 1 0 1
41 3 0 1
42 1 1 1
43 4 1 1
44 2 1 1
45 1 2 1
46 1 2 1
47 1 0 1
48 1 0 1
49 2 1 1
50 3 0 1
51 4 2 1
52 3 1 1
53 6 0 1
54 2 1 1
55 4 2 1
56 2 0 1
57 4 2 1
58 3 2 1
59 2 0 1
60 4 1 1
61 0
0 1 2 3
1 5 15 17
2 4
3 10 11
4 6 28 35
5 13 14 21
6 7 19 31
7 8 9
8 18
9 48
10 12 29 45
11 24 25
12 56
13 16 60
14 33
15 55 56
16 43 44
17 23 37
18 22 38 57
19 20 25
20 39 46
21 26 41
22 52
23 27
24 36
25 32 34
26 53
27 36
28 30 42 59
29 55
30 55
31 51
32 47
33 42
34 40
35 57
36 57
37 41
38 51
39 41
40 44
41 43 49
42 43 52
43 48
44 47 49
45 47 52
46 50
47 51
48 58
49 54
50 53 60
51 53
52 60
53 54
54 56
55 58
56 59
57 58
58 61
59 61
60 61
61
