62 3 4
0 1 2
1 1
2 0 1 2
3 1
0 0
1 3 2 1
2 2 1 1
3 3 2 1
4 3 1 1
5 2 1 1
6 1 1 1
7 2 1 1
8 3 2 1
9 2 2 1
10 4 1 1
11 4 1 1
12 5 0 1
13 6 1 1
14 2 1 1
15 3 1 1
16 3 1 1
17 1 1 1
18 6 2 1
19 7 1 1
20 1 1 1
21 2 1 1
22 2 2 1
23 2 0 1
24 4 2 1
25 2 0 1
26 2 1 1
27 2 1 1
28 4 1 1
29 4 1 1
30 2 1 1
31 3 1 1
32 3 1 1
33 3 1 1
34 3 1 1
35 3 1 1
36 3 2 1
37 4 1 1
38 4 1 1
39 2 1 1
40 2 1 1
41 3 2 1
42 3 1 1
43 1 1 1
44 1 1 1
45 3 1 1
46 2 2 1
47 2 1 1
48 3 1 1
49 2 1 1
50 4 1 1
51 1 1 1
52 3 1 1
53 2 0 1
54 4 1 1
55 3 2 1
56 4 2 1
57 2 2 1
58 2 1 1
59 6 1 1
60 3 1 1
61 0
0 1 2 3
1 4 5 16
2 9 10 14
3 6 12 17
4 23 48
5 7 20 42
6 8 13 19
7 11 43 47
8 55
9 26
10 30 36
11 25 28
12 15
13 48
14 18
15 24 39 60
16 27
17 21 31
18 22 57
19 33
20 54
21 26 29 32
22 35 44
23 42 50
24 40
25 34
26 28
27 52
28 38
29 56
30 51 58
31 41
32 47
33 36 50
34 51
35 37 43
36 49
37 51
38 53
39 44
40 53
41 48
42 45
43 46
44 55
45 46 52
46 59
47 49 50
48 49 55
49 59
50 57
51 60
52 57
53 58
54 56 59
55 56
56 58
57 60
58 61
59 61
60 61
61
