62 3 5
0 1 2
1 1 2
2 0 1 2
3 1
4 1 2
0 0
1 1 1 1
2 5 2 1
3 3 1 1
4 3 1 1
5 2 0 1
6 4 2 1
7 2 1 1
8 3 0 1
9 3 1 1
10 4 1 1
11 2 2 1
12 1 1 1
13 2 1 1
14 3 2 1
15 6 2 1
16 3 2 1
17 5 1 1
18 3 2 1
19 4 1 1
20 6 2 1
21 3 1 1
22 3 1 1
23 5 2 1
24 3 1 1
25 1 2 1
26 3 1 1
27 2 1 1
28 5 1 1
29 2 2 1
30 4 2 1
31 1 2 1
32 1 1 1
33 4 2 1
34 4 2 1
35 2 1 1
36 1 1 1
37 4 2 1
38 3 1 1
39 3 1 1
40 2 1 1
41 4 2 1
42 3 1 1
43 3 1 1
44 3 2 1
45 3 2 1
46 2 1 1
47 3 1 1
48 4 2 1
49 3 1 1
50 3 1 1
51 2 2 1
52 3 1 1
53 2 2 1
54 4 1 1
55 1 2 1
56 4 2 1
57 2 1 1
58 2 2 1
59 2 2 1
60 2 1 1
61 0
0 1 2 3
1 5 9 45
2 24
3 4 12 15
4 6 11
5 7 10 16
6 8 35 46
7 29 38 44
8 24 25 43
9 32
10 21
11 13 14
12 19 30
13 18 51 55
14 23 40
15 17 22 34
16 20 21
17 50
18 31
19 52
20 23 31
21 28
22 27
23 37
24 26
25 29
26 33 58
27 48
28 54
29 39
30 36
31 46
32 41
33 55
34 38 49
35 40
36 42
37 53
38 51
39 49 57
40 42 54
41 58
42 49 60
43 47
44 59
45 47 58
46 52
47 51
48 52
49 56
50 53
51 57
52 56
53 57 59
54 55 60
55 56
56 59
57 60
58 61
59 61
60 61
61
