62 3 4
0 2
1 0 1 2
2 1
3 1 2
0 0
1 2 1 1
2 3 1 1
3 1 2 1
4 2 1 1
5 3 1 1
6 3 1 1
7 4 1 1
8 4 0 1
9 5 1 1
10 4 1 1
11 2 2 1
12 1 1 1
13 3 0 1
14 4 2 1
15 3 1 1
16 3 0 1
17 3 1 1
18 1 1 1
19 4 0 1
20 2 1 1
21 5 2 1
22 3 2 1
23 1 1 1
24 3 1 1
25 2 2 1
26 2 1 1
27 2 2 1
28 2 1 1
29 2 0 1
30 1 1 1
31 4 2 1
32 1 1 1
33 2 1 1
34 4 1 1
35 2 2 1
36 1 2 1
37 3 1 1
38 3 1 1
39 2 1 1
40 2 1 1
41 2 1 1
42 7 2 1
43 2 1 1
44 1 2 1
45 1 2 1
46 3 2 1
47 3 2 1
48 1 1 1
49 2 2 1
50 1 1 1
51 2 0 1
52 3 2 1
53 2 2 1
54 4 1 1
55 4 2 1
56 1 1 1
57 1 2 1
58 1 2 1
59 3 1 1
60 2 0 1
61 0
0 1 2 3
1 4 10 38
2 50
3 12 14 19
4 5
5 6 9 22
6 7 8 15
7 30
8 11 17 29
9 13 20 28
10 34 51
11 54
12 33 35
13 16 18 21
14 25 32 50
15 39 45
16 36
17 23 24 26
18 46
19 30
20 45
21 48
22 43
23 42
24 31 55
25 43
26 27 42 49
27 41
28 44
29 57
30 37 56
31 36
32 36
33 41
34 35
35 56
36 44
37 55
38 40 43 47
39 60
40 54
41 46 60
42 60
43 52
44 54
45 46 58
46 51
47 56
48 53
49 51
50 52
51 53
52 55
53 59
54 57
55 57
56 58 59
57 59
58 61
59 61
60 61
61
