62 3 4
0 1 2
1 1 2
2 1 2
3 0 1 2
0 0
1 2 1 1
2 1 1 1
3 2 2 1
4 3 2 1
5 3 2 1
6 4 2 1
7 2 1 1
8 4 1 1
9 3 0 1
10 2 1 1
11 4 1 1
12 2 1 1
13 3 2 1
14 1 2 1
15 4 2 1
16 4 1 1
17 3 2 1
18 2 2 1
19 5 0 1
20 3 1 1
21 4 1 1
22 2 0 1
23 1 0 1
24 3 1 1
25 3 2 1
26 1 1 1
27 2 2 1
28 3 2 1
29 1 1 1
30 2 2 1
31 2 2 1
32 2 2 1
33 2 2 1
34 1 1 1
35 1 2 1
36 2 1 1
37 2 0 1
38 2 2 1
39 1 1 1
40 2 2 1
41 3 0 1
42 1 1 1
43 2 1 1
44 3 2 1
45 3 2 1
46 1 2 1
47 3 0 1
48 1 2 1
49 4 1 1
50 1 2 1
51 2 2 1
52 3 2 1
53 2 2 1
54 1 2 1
55 2 1 1
56 2 2 1
57 3 1 1
58 3 1 1
59 2 2 1
60 4 2 1
61 0
0 1 2 3
1 18
2 4
3 7 8 16
4 5 6 10
5 9 13 23
6 11 21 31
7 19 60
8 12 15 20
9 17 28
10 29
11 14 17
12 42 44 45
13 40 57
14 30
15 32
16 24 25
17 18
18 56
19 27 35
20 39 48
21 22 34 47
22 28
23 26 59
24 53
25 27
26 38
27 33 49 50
28 37 43
29 50
30 36
31 35
32 51
33 52
34 37
35 52
36 41 44
37 46
38 44
39 50 54
40 41
41 43
42 46 56
43 55
44 49
45 53
46 54 55 58
47 53
48 49
49 56
50 57
51 57
52 59
53 54
54 60
55 60
56 58
57 58
58 61
59 61
60 61
61
