62 3 4
0 0 2
1 1 2
2 1 2
3 1 2
0 0
1 5 2 1
2 3 0 1
3 2 1 1
4 3 0 1
5 2 1 1
6 3 2 1
7 4 2 1
8 4 2 1
9 1 0 1
10 3 2 1
11 3 2 1
12 1 1 1
13 4 1 1
14 3 2 1
15 3 0 1
16 3 2 1
17 3 2 1
18 5 1 1
19 3 2 1
20 2 2 1
21 5 0 1
22 3 2 1
23 1 0 1
24 5 2 1
25 5 1 1
26 3 2 1
27 4 2 1
28 1 0 1
29 2 2 1
30 3 1 1
31 2 0 1
32 4 1 1
33 6 1 1
34 2 2 1
35 3 1 1
36 3 1 1
37 4 0 1
38 3 2 1
39 3 2 1
40 3 1 1
41 1 2 1
42 3 0 1
43 5 2 1
44 3 0 1
45 2 2 1
46 2 2 1
47 1 1 1
48 3 1 1
49 2 1 1
50 2 1 1
51 3 1 1
52 2 2 1
53 3 2 1
54 2 1 1
55 1 1 1
56 2 0 1
57 3 0 1
58 1 2 1
59 3 2 1
60 2 1 1
61 0
0 1 2 3
1 4 5
2 13 14 41
3 6 30
4 7 8 9
5 10 23 36
6 13
7 11 22 32
8 37
9 18 42
10 48 49
11 12 21
12 17 35
13 15 16 20
14 40
15 50
16 53
17 29 46
18 19 25 28
19 38
20 50 54
21 33 60
22 27
23 24 26 35
24 54
25 34 52 59
26 30
27 28 33
28 44
29 31
30 42
31 44
32 55
33 45
34 39 43
35 37 38
36 46
37 56
38 40
39 45
40 51
41 53
42 46
43 51
44 47 50
45 55
46 58
47 53
48 56
49 57
50 51 52
51 56
52 57
53 55
54 57
55 58
56 60
57 58
58 61
59 61
60 61
61
