62 3 4
0 2
1 1
2 1 2
3 0 1 2
0 0
1 1 1 1
2 3 2 1
3 1 1 1
4 3 1 1
5 3 2 1
6 4 1 1
7 3 0 1
8 1 2 1
9 1 0 1
10 1 2 1
11 2 2 1
12 2 1 1
13 4 1 1
14 3 2 1
15 3 1 1
16 3 2 1
17 3 1 1
18 3 2 1
19 2 2 1
20 4 1 1
21 2 2 1
22 2 0 1
23 2 2 1
24 2 1 1
25 2 2 1
26 5 0 1
27 2 0 1
28 2 2 1
29 2 0 1
30 2 0 1
31 4 2 1
32 1 1 1
33 4 2 1
34 1 1 1
35 2 2 1
36 3 2 1
37 2 0 1
38 1 1 1
39 2 0 1
40 4 2 1
41 1 1 1
42 3 2 1
43 2 1 1
44 1 1 1
45 3 0 1
46 3 2 1
47 4 1 1
48 1 2 1
49 2 2 1
50 2 1 1
51 2 2 1
52 2 1 1
53 4 1 1
54 1 0 1
55 2 2 1
56 2 2 1
57 2 2 1
58 5 0 1
59 2 2 1
60 1 2 1
61 0
0 1 2 3
1 5 7 12
2 4 6 24
3 9
4 15 32 34
5 30
6 11 14 35
7 8 10 23
8 18
9 26 53
10 13 17 27
11 25 30
12 16 21
13 22 37 38
14 19 31
15 60
16 35
17 20 29 36
18 19 50
19 44
20 40
21 33
22 30
23 43 45
24 26 46
25 28 40
26 47
27 58
28 56
29 45
30 58
31 41 42 48
32 39
33 44 51
34 52
35 54
36 39
37 55 57
38 59
39 50
40 45 49
41 54
42 53
43 50
44 49
45 52
46 55
47 58
48 60
49 53 55
50 51
51 52
52 57
53 54
54 59
55 60
56 57
57 59
58 61
59 61
60 61
61
