62 3 4
0 1 2
1 1 2
2 1
3 0 1 2
0 0
1 1 2 1
2 2 1 1
3 3 2 1
4 4 2 1
5 1 1 1
6 2 1 1
7 2 1 1
8 3 2 1
9 2 1 1
10 2 2 1
11 3 0 1
12 3 1 1
13 3 1 1
14 3 2 1
15 2 2 1
16 2 2 1
17 4 1 1
18 2 2 1
19 2 2 1
20 2 2 1
21 3 1 1
22 2 0 1
23 2 2 1
24 3 1 1
25 3 1 1
26 3 2 1
27 1 1 1
28 2 2 1
29 1 2 1
30 2 1 1
31 2 2 1
32 4 1 1
33 2 1 1
34 2 1 1
35 1 1 1
36 2 1 1
37 4 2 1
38 2 2 1
39 4 1 1
40 3 0 1
41 2 1 1
42 2 2 1
43 3 1 1
44 2 1 1
45 4 1 1
46 2 2 1
47 2 1 1
48 2 2 1
49 1 1 1
50 2 1 1
51 1 2 1
52 1 2 1
53 2 1 1
54 5 1 1
55 2 1 1
56 3 1 1
57 4 1 1
58 3 1 1
59 2 1 1
60 3 1 1
61 0
0 1 2 3
1 7 19 23
2 5 8 14
3 4
4 10 11 28
5 6
6 24
7 18
8 9
9 13 15 59
10 12
11 16 38
12 22 37 46
13 22
14 30 47
15 17 21 32
16 26 40 42
17 28
18 51 57
19 20
20 25
21 60
22 50
23 33 38 42
24 34 35
25 29 31 36
26 27
27 44 45
28 54
29 33
30 36 39 44
31 39 43 49
32 56
33 47
34 41
35 41
36 38 52
37 41
38 48
39 46
40 51
41 44
42 54
43 56
44 57
45 56
46 50
47 51
48 55
49 53 54 58
50 52
51 53
52 60
53 55
54 55
55 60
56 58
57 58
58 61
59 61
60 61
61
