62 3 5
0 0 2
1 2
2 1 2
3 1 2
4 1 2
0 0
1 1 2 1
2 2 2 1
3 1 1 1
4 2 0 1
5 2 2 1
6 4 2 1
7 3 2 1
8 3 2 1
9 2 2 1
10 3 2 1
11 4 2 1
12 1 2 1
13 1 2 1
14 3 2 1
15 2 2 1
16 5 2 1
17 3 2 1
18 2 2 1
19 1 2 1
20 2 1 1
21 1 2 1
22 3 1 1
23 2 1 1
24 2 1 1
25 1 2 1
26 3 1 1
27 5 1 1
28 2 1 1
29 1 2 1
30 2 2 1
31 1 2 1
32 4 2 1
33 1 2 1
34 4 1 1
35 2 2 1
36 1 2 1
37 3 2 1
38 2 1 1
39 3 1 1
40 2 2 1
41 3 1 1
42 3 2 1
43 3 1 1
44 2 0 1
45 2 1 1
46 2 2 1
47 4 1 1
48 2 2 1
49 3 1 1
50 2 2 1
51 3 2 1
52 2 2 1
53 2 2 1
54 4 2 1
55 3 2 1
56 4 2 1
57 1 2 1
58 3 1 1
59 1 2 1
60 3 0 1
61 0
0 1 2 3
1 4 9 14
2 6 13 28
3 7 11 15
4 5 21 23
5 16 37
6 22
7 8 19 39
8 12 34
9 10 44
10 25 36 43
11 20 26
12 17
13 17 18 33
14 24 58
15 54 57
16 31 42
17 27 32
18 27
19 26 30
20 38
21 30
22 50
23 47
24 39
25 48 53
26 29 50
27 46 60
28 40 56
29 55
30 42
31 56
32 38
33 43
34 35 38
35 41
36 57
37 49 59
38 52
39 52
40 45
41 47
42 50 57
43 49
44 52
45 55
46 51
47 54
48 59
49 60
50 59
51 53
52 55
53 54
54 56
55 60
56 58
57 58
58 61
59 61
60 61
61
