62 3 6
0 2
1 0 1 2
2 1 2
3 1 2
4 1
5 1 2
0 0
1 2 1 1 2 1
2 1 1 2
3 1 2 1
4 2 2 1
5 3 2 1
6 3 1 1
7 2 2 2
8 2 2 1
9 2 1 2
10 3 2 1
11 2 1 2
12 2 1 1 2 1
13 4 2 1
14 1 1 1
15 1 1 1 2 1
16 2 1 1 2 1
17 2 2 2
18 3 1 1
19 2 1 1
20 4 2 2
21 3 1 1
22 1 2 2
23 1 1 2
24 2 1 1 2 1
25 2 1 1
26 3 2 1
27 1 1 1 2 1
28 3 2 1
29 2 1 1 2 1
30 1 2 1
31 3 1 1
32 2 1 1 2 1
33 2 2 1
34 2 2 1
35 1 1 1 2 1
36 1 0 1 1 1
37 1 2 2
38 5 0 1 1 1
39 3 1 1
40 2 1 1 2 1
41 1 2 1
42 2 1 1
43 2 1 2
44 1 0 1 1 1
45 1 1 2
46 2 1 1
47 1 1 1
48 2 1 1
49 1 2 1
50 3 0 1 2 1
51 1 2 1
52 1 2 1
53 2 1 1
54 2 1 1 2 1
55 1 1 2
56 2 1 1 2 1
57 3 2 2
58 2 2 1
59 3 1 2
60 5 2 1
61 0
0 1 2 3
1 5 13 20
2 4 7 9
3 6 11 40
4 8 33 52
5 10 21 42
6 21 45
7 15 28
8 16
9 17 43 44
10 14
11 12 14 29
12 41
13 22 28 35
14 15
15 19 36 55
16 18 26 31
17 23 38 47
18 27
19 34 52 60
20 24 27 47
21 23 25 43
22 24 43
23 39
24 46
25 44
26 41
27 30 39
28 38 48 54
29 38 50
30 34 60
31 32
32 55
33 42
34 41 53
35 37 42
36 45 46 56
37 40 44
38 51
39 51 60
40 49
41 45
42 57
43 49 52
44 53
45 54 57
46 50
47 48 54
48 49 50 51
49 58
50 59
51 55 56
52 53
53 56
54 58
55 58 59
56 57
57 59
58 61
59 61
60 61
61
