62 3 4
0 1
1 1 2
2 1 2
3 0 1 2
0 0
1 2 1 1
2 4 2 1
3 2 1 1
4 2 2 1
5 3 1 1
6 1 1 1
7 2 1 1
8 2 2 1
9 1 1 1
10 2 1 1
11 2 1 1
12 2 2 1
13 3 2 1
14 2 1 1
15 3 1 1
16 2 1 1
17 4 1 1
18 5 1 1
19 5 2 1
20 4 2 1
21 2 1 1
22 2 2 1
23 1 0 1
24 3 1 1
25 2 1 1
26 2 1 1
27 2 1 1
28 4 2 1
29 2 0 1
30 3 1 1
31 2 1 1
32 2 2 1
33 4 1 1
34 1 1 1
35 3 1 1
36 2 1 1
37 8 2 1
38 2 2 1
39 2 0 1
40 3 1 1
41 4 1 1
42 5 1 1
43 3 1 1
44 2 1 1
45 2 0 1
46 2 1 1
47 1 2 1
48 2 1 1
49 2 1 1
50 3 1 1
51 2 2 1
52 2 2 1
53 2 1 1
54 7 2 1
55 3 1 1
56 6 0 1
57 2 1 1
58 3 2 1
59 2 1 1
60 2 2 1
61 0
0 1 2 3
1 4 14
2 6 9 56
3 5
4 34
5 7 8 40
6 10 17 28
7 12 22 24
8 11 16 29
9 19 21 23
10 13 20 45
11 15 31 50
12 42 57 60
13 30 41 43
14 56
15 18 27 33
16 34
17 33
18 35 59
19 39
20 26
21 48
22 25 36
23 25 51
24 59
25 52
26 33
27 35
28 51
29 32 46
30 39
31 53
32 38
33 37
34 44 50
35 55
36 45
37 47
38 52
39 59
40 54
41 49
42 53
43 47 51
44 54
45 55
46 47
47 48
48 60
49 55
50 56 57
51 52
52 53
53 54
54 58
55 58
56 60
57 58
58 61
59 61
60 61
61
