62 3 4
0 2
1 1 2
2 0 1 2
3 2
0 0
1 6 1 1
2 6 1 1
3 3 0 1
4 5 1 1
5 3 2 1
6 1 1 1
7 3 1 1
8 2 1 1
9 1 2 1
10 5 2 1
11 3 2 1
12 4 2 1
13 6 0 1
14 4 2 1
15 3 1 1
16 3 2 1
17 2 0 1
18 1 2 1
19 3 2 1
20 2 1 1
21 5 2 1
22 2 2 1
23 1 1 1
24 3 2 1
25 2 2 1
26 4 2 1
27 3 0 1
28 3 0 1
29 2 2 1
30 6 2 1
31 1 2 1
32 3 2 1
33 2 2 1
34 2 2 1
35 1 2 1
36 3 1 1
37 2 2 1
38 4 0 1
39 1 2 1
40 1 2 1
41 3 2 1
42 3 2 1
43 5 0 1
44 3 2 1
45 5 2 1
46 3 2 1
47 3 2 1
48 1 2 1
49 3 2 1
50 3 0 1
51 4 2 1
52 7 2 1
53 1 0 1
54 3 2 1
55 2 2 1
56 4 2 1
57 2 1 1
58 4 2 1
59 1 2 1
60 2 2 1
61 0
0 1 2 3
1 10 17 39
2 4 5 6
3 8 35 50
4 7 9 21
5 11
6 18 38
7 20 23
8 12 49
9 13 14 15
10 16 19
11 29
12 53
13 22
14 28 40 46
15 22 26 31
16 45
17 30
18 24 25
19 46
20 48
21 27
22 43 51
23 59
24 41
25 34 55
26 48
27 44
28 41
29 40
30 42 45
31 32 33 44
32 36 37
33 60
34 41
35 52
36 42
37 50 54
38 58
39 57
40 54
41 43
42 48
43 56
44 47
45 46
46 47
47 50 54
48 51
49 56
50 53 57
51 52
52 53
53 55 59
54 55 56
55 58
56 57
57 60
58 61
59 61
60 61
61
