62 3 5
0 1 2
1 1 2
2 2
3 1 2
4 0 1 2
0 0
1 3 1 1
2 2 2 1
3 2 2 1
4 1 2 1
5 2 2 1
6 2 1 1
7 1 2 1
8 2 1 1
9 2 1 1
10 1 1 1
11 2 2 1
12 2 2 1
13 1 2 1
14 2 2 1
15 2 2 1
16 3 2 1
17 1 1 1
18 1 1 1
19 4 1 1
20 1 1 1
21 3 1 1
22 1 1 1
23 1 2 1
24 2 1 1
25 4 2 1
26 5 1 1
27 2 2 1
28 2 2 1
29 2 2 1
30 4 2 1
31 4 1 1
32 3 2 1
33 2 2 1
34 3 2 1
35 5 1 1
36 2 2 1
37 3 2 1
38 2 2 1
39 1 2 1
40 4 1 1
41 2 1 1
42 3 1 1
43 1 2 1
44 1 1 1
45 2 2 1
46 4 2 1
47 1 0 1 2 1
48 3 1 1
49 2 2 1
50 3 2 1
51 2 1 1
52 2 0 1
53 3 2 1
54 2 0 1
55 1 2 1
56 3 1 1
57 3 2 1
58 2 1 1
59 2 2 1
60 2 1 1
61 0
0 1 2 3
1 7 23
2 4 5 10
3 13 45
4 8 9 18
5 6 28
6 16 20
7 14 29
8 17
9 51
10 11 12 43
11 13 15 30
12 19
13 27 53
14 26
15 25 33
16 26
17 21 24 31
18 39
19 22 34
20 42
21 41
22 32
23 40 50
24 41 44
25 45
26 32 52
27 50
28 46
29 44
30 34 54
31 37
32 35 38
33 54
34 36 60
35 44
36 53
37 49 51
38 47
39 45 58
40 41
41 48
42 48 54
43 56
44 49
45 55
46 56
47 49
48 51 57
49 55
50 56
51 58
52 53 57
53 55
54 59
55 59
56 58
57 59 60
58 61
59 61
60 61
61
