62 3 5
0 1 2
1 0 1 2
2 2
3 1 2
4 1 2
0 0
1 4 2 1
2 1 2 1
3 3 2 1
4 2 2 1
5 3 0 1
6 2 2 1
7 2 1 1
8 2 0 1
9 3 1 1
10 1 2 1
11 2 1 1
12 1 1 1
13 2 2 1
14 3 2 1
15 2 2 1
16 4 2 1
17 3 1 1
18 4 1 1
19 6 2 1
20 2 2 1
21 1 2 1
22 4 2 1
23 1 1 1
24 1 1 1
25 4 2 1
26 1 2 1
27 3 1 1
28 2 2 1
29 4 2 1
30 2 2 1
31 2 1 1
32 1 1 1
33 1 2 1
34 3 2 1
35 2 1 1
36 3 1 1
37 2 2 1
38 1 2 1
39 2 2 1
40 4 1 1
41 2 2 1
42 1 2 1
43 2 2 1
44 3 2 1
45 4 2 1
46 1 1 1
47 1 1 1
48 4 0 1
49 2 1 1
50 5 2 1
51 2 0 1
52 3 2 1
53 1 1 1
54 4 2 1
55 1 2 1
56 2 2 1
57 1 2 1
58 2 1 1
59 2 2 1
60 5 2 1
61 0
0 1 2 3
1 5 6 10
2 43
3 4 8 20
4 9 11 13
5 7 14 57
6 25 46
7 55
8 17 32
9 15 50
10 47
11 12 45
12 16 18 19
13 14 24 31
14 22
15 41
16 46
17 21 34 37
18 39
19 22
20 28 29
21 36
22 23 35
23 30 59
24 49
25 26
26 27 30
27 41
28 44
29 52
30 33 38
31 40
32 49 54
33 51
34 40
35 36 58
36 38
37 48
38 60
39 44 48 55
40 51 53
41 42
42 49
43 47 51
44 52
45 55
46 56
47 60
48 57
49 53
50 53
51 58
52 56
53 56 58
54 59
55 60
56 57
57 59
58 61
59 61
60 61
61
