62 3 4
0 1
1 0 1 2
2 2
3 1 2
0 0
1 5 2 1
2 2 2 1
3 6 1 1
4 3 1 1
5 3 2 1
6 3 1 1
7 2 1 1
8 3 1 1
9 4 1 1
10 2 1 1
11 7 1 1
12 6 1 1
13 2 1 1
14 3 1 1
15 2 2 1
16 2 2 1
17 2 2 1
18 2 2 1
19 2 1 1
20 5 1 1
21 4 2 1
22 2 0 1
23 1 2 1
24 3 1 1
25 1 2 1
26 1 2 1
27 3 2 1
28 2 2 1
29 5 1 1
30 5 1 1
31 6 2 1
32 3 2 1
33 2 2 1
34 4 2 1
35 1 2 1
36 4 2 1
37 1 1 1
38 3 0 1
39 1 2 1
40 3 1 1
41 1 1 1
42 3 2 1
43 2 1 1
44 6 0 1
45 2 1 1
46 3 2 1
47 3 2 1
48 3 2 1
49 2 1 1
50 5 1 1
51 1 2 1
52 5 2 1
53 4 2 1
54 4 2 1
55 2 2 1
56 3 1 1
57 3 1 1
58 1 2 1
59 4 2 1
60 1 2 1
61 0
0 1 2 3
1 8 11 23
2 4 5 7
3 18 31 36
4 9 14
5 6 21 24
6 16 19
7 10 30
8 25
9 12 13 34
10 17 35 37
11 15 22 28
12 43
13 16
14 40
15 32
16 44
17 41 51 56
18 34 45 57
19 20 56 60
20 47
21 45
22 55
23 26
24 29 60
25 27 38
26 40
27 41
28 44
29 33
30 57
31 42
32 46
33 39 43
34 48
35 44
36 48
37 50 51 58
38 54
39 52
40 43 52
41 46
42 54
43 54
44 49
45 48
46 50
47 49
48 53
49 57
50 53
51 53
52 56
53 59
54 55 58
55 59
56 58
57 59
58 61
59 61
60 61
61
