62 3 4
0 2
1 1
2 0 1
3 2
0 0
1 3 2 1
2 6 2 1
3 3 2 1
4 3 1 1
5 2 2 1
6 2 2 1
7 3 2 1
8 4 2 1
9 4 1 1
10 3 1 1
11 2 2 1
12 2 2 1
13 2 2 1
14 3 1 1
15 4 1 1
16 3 2 1
17 2 1 1
18 2 2 1
19 3 2 1
20 2 1 1
21 3 2 1
22 1 2 1
23 1 2 1
24 3 1 1
25 3 1 1
26 1 2 1
27 2 1 1
28 4 2 1
29 1 1 1
30 1 2 1
31 4 2 1
32 1 2 1
33 2 1 1
34 3 0 1
35 2 2 1
36 3 2 1
37 2 2 1
38 3 2 1
39 2 2 1
40 2 2 1
41 3 2 1
42 2 2 1
43 1 2 1
44 3 1 1
45 2 2 1
46 3 1 1
47 2 1 1
48 3 0 1
49 2 2 1
50 2 2 1
51 1 2 1
52 2 1 1
53 2 2 1
54 2 0 1
55 3 1 1
56 2 2 1
57 4 2 1
58 2 2 1
59 1 2 1
60 1 2 1
61 0
0 1 2 3
1 15 51
2 5 6 12
3 4 7 10
4 27
5 8
6 22 23 30
7 11 19 38
8 9 14 17
9 18 45
10 36
11 13 16 44
12 58
13 21 43
14 52
15 24 26
16 53
17 39
18 28 34 40
19 20 25
20 47
21 55
22 29 32 49
23 31 47
24 60
25 26
26 35
27 37 38 57
28 35 55
29 60
30 33
31 46
32 43
33 42
34 60
35 50
36 54
37 39 41
38 47
39 40
40 48 49 52
41 53
42 50
43 50
44 54
45 56
46 51 52
47 48
48 53 58
49 58
50 57
51 57
52 54
53 55
54 56
55 56
56 59
57 59
58 61
59 61
60 61
61
