62 3 4
0 0 1 2
1 2
2 1 2
3 2
0 0
1 3 1 1
2 2 2 1
3 5 1 1
4 4 2 1
5 1 2 1
6 3 1 1
7 2 0 1
8 1 2 1
9 1 0 1
10 2 1 1
11 5 2 1
12 2 2 1
13 2 2 1
14 3 2 1
15 3 2 1
16 6 2 1
17 1 2 1
18 2 2 1
19 3 2 1
20 2 0 1
21 5 0 1
22 1 1 1
23 1 2 1
24 3 2 1
25 1 0 1
26 6 2 1
27 2 2 1
28 3 2 1
29 4 2 1
30 4 2 1
31 2 2 1
32 3 2 1
33 1 1 1
34 5 2 1
35 1 1 1
36 1 2 1
37 5 2 1
38 2 1 1
39 2 1 1
40 4 2 1
41 2 2 1
42 4 2 1
43 5 2 1
44 4 2 1
45 2 2 1
46 2 1 1
47 1 2 1
48 5 1 1
49 3 2 1
50 2 2 1
51 4 2 1
52 2 2 1
53 1 2 1
54 3 2 1
55 1 2 1
56 3 1 1
57 5 2 1
58 3 1 1
59 4 2 1
60 4 2 1
61 0
0 1 2 3
1 4 5
2 6 9
3 7 8 18
4 10 11 30
5 24 31
6 26 58
7 14 27
8 15 16
9 28 36 42
10 12 42
11 14 23 41
12 13 19 58
13 17 29 37
14 15 25
15 20 39 52
16 29 32
17 40 55
18 23 45
19 21
20 35 44
21 22 51 53
22 33 36 45
23 27 31 37
24 37
25 34 40
26 33
27 29 38
28 47 56
29 43 48
30 42
31 39 57
32 34 48
33 35 55
34 35 54
35 38 60
36 38
37 43 47 60
38 57
39 58 59
40 44
41 43 46 49
42 45 46 55
43 50 53
44 47
45 49
46 48
47 50
48 52
49 54
50 51
51 54
52 53
53 59
54 57
55 56
56 60
57 59
58 61
59 61
60 61
61
