62 3 4
0 1 2
1 0 1 2
2 1 2
3 1 2
0 0
1 3 1 1
2 1 0 1
3 1 1 1
4 3 1 1
5 3 1 1
6 1 2 1
7 2 1 1
8 2 2 1
9 4 1 1
10 4 2 1
11 3 2 1
12 2 2 1
13 1 1 1
14 1 1 1
15 3 2 1
16 1 2 1
17 3 2 1
18 2 1 1
19 3 1 1
20 1 2 1
21 2 1 1
22 3 2 1
23 1 1 1
24 2 2 1
25 2 2 1
26 3 2 1
27 3 1 1
28 2 1 1
29 3 1 1
30 1 2 1
31 5 2 1
32 3 1 1
33 1 1 1
34 3 1 1
35 1 2 1
36 4 1 1
37 3 2 1
38 5 2 1
39 1 2 1
40 1 1 1
41 2 1 1
42 3 1 1
43 3 2 1
44 3 2 1
45 4 1 1
46 6 2 1
47 2 1 1
48 1 0 1
49 5 1 1
50 3 2 1
51 3 1 1
52 2 1 1
53 3 2 1
54 1 0 1
55 3 1 1
56 2 1 1
57 4 2 1
58 1 2 1
59 5 2 1
60 1 1 1
61 0
0 1 2 3
1 6 15 26
2 5 12 14
3 4 9 44
4 28 58
5 13 23
6 7 10 33
7 8 21 32
8 18
9 54
10 11 35 37
11 17 40 47
12 20 22 33
13 30
14 19 36 51
15 16 60
16 30
17 52
18 58
19 27 41
20 31 39 54
21 57
22 32
23 24
24 25
25 46
26 30
27 38 53
28 29
29 48
30 43 49
31 34 56
32 56
33 48
34 50 59
35 39
36 57
37 52
38 43 45
39 51
40 42 45
41 55
42 53
43 56
44 47
45 58
46 47
47 50
48 49
49 53
50 51
51 52
52 57
53 54
54 55
55 59
56 59
57 60
58 61
59 61
60 61
61
