62 3 4
0 1
1 1
2 0 1 2
3 1 2
0 0
1 1 0 1
2 6 1 1
3 4 1 1
4 1 1 1
5 2 1 1
6 4 1 1
7 1 1 1
8 1 1 1
9 2 1 1
10 1 0 1
11 3 1 1
12 1 1 1
13 4 1 1
14 1 1 1
15 3 1 1
16 4 1 1
17 1 2 1
18 2 0 1
19 3 2 1
20 1 1 1
21 3 0 1
22 1 1 1
23 4 2 1
24 1 1 1
25 3 1 1
26 1 1 1
27 3 1 1
28 2 1 1
29 2 1 1
30 1 1 1
31 2 1 1
32 2 1 1
33 1 2 1
34 3 1 1
35 3 1 1
36 3 2 1
37 3 1 1
38 1 1 1
39 1 2 1
40 4 1 1
41 3 1 1
42 1 2 1
43 3 1 1
44 2 1 1
45 1 1 1
46 3 1 1
47 1 1 1
48 3 1 1
49 3 1 1
50 2 1 1
51 3 2 1
52 3 1 1
53 1 1 1
54 2 2 1
55 2 1 1
56 4 1 1
57 2 1 1
58 1 1 1
59 1 1 1
60 2 1 1
61 0
0 1 2 3
1 11 24 46
2 5 12
3 4 13 15
4 9 27 31
5 6 7 8
6 14 23 41
7 10
8 26 28
9 25 36 60
10 17 48 55
11 18 22
12 20
13 38
14 16
15 18 32 43
16 43
17 19 40
18 59
19 21 33 38
20 49
21 54
22 57
23 55
24 35
25 54
26 44
27 30 37
28 29 39
29 34 52
30 36
31 44
32 35
33 42 50 53
34 40 45 56
35 47
36 43
37 38
38 58
39 51
40 44
41 58
42 57
43 45
44 53
45 50
46 49 52
47 59
48 57
49 53
50 51
51 59
52 56
53 54
54 58
55 56
56 60
57 60
58 61
59 61
60 61
61
