92 3 4
0
1 1 2
2 1
3 0 1 2
0 0
1 3 1 1
2 3 1 1
3 3 1 1
4 1 1 1
5 1
6 2 1 1
7 2 1 1
8 3
9 4 0 1
10 7 0 1
11 4
12 2
13 3
14 1 2 1
15 1
16 3
17 2 2 1
18 3
19 1
20 2
21 1 1 1
22 2 1 1
23 2 1 1
24 1 0 1
25 3 1 1
26 2
27 4
28 4 1 1
29 2
30 2 2 1
31 3 2 1
32 1 1 1
33 2
34 1
35 2
36 3 1 1
37 3 1 1
38 4 1 1
39 5 1 1
40 2 1 1
41 2 2 1
42 1 1 1
43 2 1 1
44 2 2 1
45 1 1 1
46 2
47 4 1 1
48 1
49 4 1 1
50 2
51 2 2 1
52 2 0 1
53 2
54 3 0 1
55 1
56 4 2 1
57 5 1 1
58 3
59 3 1 1
60 1 2 1
61 2 2 1
62 3 2 1
63 4
64 3 2 1
65 2 1 1
66 2
67 3 1 1
68 3 2 1
69 1 0 1
70 2 2 1
71 2 0 1
72 4
73 1
74 2 2 1
75 5
76 2 1 1
77 2 2 1
78 1 2 1
79 1 1 1
80 1
81 6 0 1
82 1 2 1
83 3 1 1
84 2 2 1
85 2 0 1
86 1 1 1
87 2 2 1
88 1
89 1 0 1
90 2 1 1
91 0
0 1 2 3
1 4 9 12
2 19 41 67
3 13 22 39
4 5 6 10
5 74 80
6 7 8 14
7 49 81
8 11 17 35
9 15 18
10 26 50
11 25
12 16 20 34
13 34
14 27 29
15 36
16 21 23 58
17 25
18 38 61 90
19 33 44 57
20 25
21 37 54
22 85
23 24 28
24 48 54 56
25 30 32 43
26 78
27 72
28 31
29 55 85
30 59 83
31 65
32 40 87
33 72
34 55
35 42 45
36 65
37 70
38 46 79
39 64
40 47 52
41 74 75
42 44
43 51 66
44 73
45 49
46 55
47 62
48 53 59 60
49 65
50 51 54
51 74
52 77
53 81
54 60
55 68
56 67
57 82
58 63
59 71
60 76
61 63 82 85
62 64
63 75 88
64 79
65 69
66 69
67 70
68 70
69 88
70 86
71 87
72 89
73 84
74 79
75 80
76 77
77 86
78 90
79 86
80 81
81 83
82 84
83 84
84 89
85 89
86 88
87 90
88 91
89 91
90 91
91
