92 3 6
0 0 1 2
1 2
2 1 2
3 1 2
4 1 2
5 1
0 0
1 2 1 2
2 3 2 2
3 6 0 1
4 2 1 1
5 3 2 2
6 2 1 1 2 1
7 4 1 1 2 1
8 4 0 1 2 1
9 2 1 1 2 1
10 3 2 2
11 2 1 1 2 1
12 4 1 2
13 4 1 1 2 1
14 4 2 1
15 3 1 1 2 1
16 2 2 2
17 8 0 1 1 1
18 5 0 1
19 2 2 1
20 4 2 1
21 2 0 1 1 1
22 1 2 2
23 2 2 2
24 3 2 1
25 3 1 1
26 3 2 1
27 1 1 2
28 3 2 1
29 2 1 1 2 1
30 2 1 1
31 2 1 1
32 3 2 2
33 2 1 1
34 1 1 1 2 1
35 3 1 1
36 4 2 2
37 1 1 1 2 1
38 3 2 1
39 3 1 2
40 4 1 1
41 1 1 1 2 1
42 3 2 1
43 5 2 1
44 2 2 2
45 5 2 1
46 1 2 2
47 4 0 1 2 1
48 1 1 1 2 1
49 1 2 1
50 3 2 1
51 5 2 1
52 5 1 2
53 5 1 1
54 2 1 1 2 1
55 3 1 1 2 1
56 4 1 1 2 1
57 2 2 2
58 2 1 1 2 1
59 2 2 1
60 3 2 1
61 4 2 1
62 3 1 1
63 4 0 1 1 1
64 3 1 1
65 3 0 1 1 1
66 4 0 1
67 3 1 1 2 1
68 2 2 1
69 1 1 2
70 1 1 1 2 1
71 3 1 1
72 3 1 1 2 1
73 3 1 1
74 4 1 2
75 3 1 1
76 4 1 1 2 1
77 1 1 1 2 1
78 2 1 1
79 5 2 1
80 2 1 1
81 2 2 1
82 3 1 1
83 2 1 1
84 2 2 1
85 2 1 1
86 1 2 1
87 2 0 1 2 1
88 2 1 1 2 1
89 2 2 1
90 2 1 1 2 1
91 0
0 1 2 3
1 11 14 24
2 15 33 44
3 4 5 9
4 6 7 13
5 17 39 48
6 8 22 49
7 84
8 28 31 70
9 10 19 21
10 77 87
11 12 40 46
12 25 26 32
13 30
14 16 37 54
15 57
16 20 23 42
17 18 22 67
18 29 30 35
19 69 73 86
20 48 51
21 27 45 55
22 47 88 89
23 43 59 82
24 58 62
25 57
26 61
27 66 78 83
28 51
29 38
30 69 75
31 64 65 67
32 36 38 71
33 34 35
34 64 82
35 45
36 42 55 68
37 39
38 50 63
39 55
40 41 56
41 82
42 60 62
43 76
44 53
45 47
46 50 52 70
47 52
48 74
49 51 59 77
50 58 68
51 57
52 61 73
53 61
54 62 64 71
55 65 81
56 78 81 83
57 63
58 72
59 65 68
60 69 72
61 85
62 66
63 84
64 79
65 66
66 73 85
67 75 79
68 74
69 80
70 71 77
71 74
72 75
73 90
74 88
75 76 80 88
76 86
77 78 80
78 89
79 83
80 81 84
81 89
82 87
83 86
84 85
85 90
86 87
87 90
88 91
89 91
90 91
91
