92 3 6
0 1 2
1 2
2 1 2
3 0 1 2
4 1 2
5 1
0 0
1 2 1 1
2 5 1 1
3 2 1 1 2 1
4 3 1 1
5 3 1 1
6 2 2 2
7 1 1 1
8 2 1 1
9 2 2 2
10 4 1 1 2 1
11 2 1 2
12 1 1 1 2 1
13 3 1 1
14 2 2 1
15 2 1 1 2 1
16 2 2 1
17 2 2 1
18 2 2 1
19 2 1 1 2 1
20 4 0 1
21 4 2 1
22 3 1 1
23 1 1 1
24 2 2 1
25 5 1 1
26 2 2 2
27 3 1 1
28 1 1 1 2 1
29 4 2 2
30 4 1 1
31 3 1 1
32 3 2 2
33 2 1 2
34 2 1 1
35 3 2 2
36 2 2 2
37 2 1 2
38 2 1 1
39 2 1 1
40 1 1 1 2 1
41 3 1 2
42 2 2 1
43 1 2 2
44 2 1 1
45 4 1 2
46 6 1 1
47 2 2 1
48 1 2 1
49 3 2 2
50 3 0 1 1 1
51 1 1 1
52 2 2 1
53 1 1 1 2 1
54 2 1 1
55 3 2 1
56 2 2 1
57 2 2 1
58 3 2 2
59 2 1 1 2 1
60 3 1 1 2 1
61 3 2 1
62 4 1 1
63 2 1 1 2 1
64 3 2 1
65 4 2 1
66 3 2 1
67 4 1 1 2 1
68 7 2 1
69 3 1 1
70 4 2 1
71 2 1 1
72 3 1 1 2 1
73 4 2 1
74 2 2 1
75 5 1 1
76 2 2 2
77 2 1 1 2 1
78 2 2 2
79 5 1 1
80 3 2 1
81 3 2 1
82 2 1 1 2 1
83 2 1 1
84 2 1 1 2 1
85 2 2 1
86 1 1 1
87 5 2 1
88 1 2 1
89 1 1 1
90 1 1 1
91 0
0 1 2 3
1 7 9 35
2 4 13 19
3 17
4 5 6
5 10 25 76
6 11 12 30
7 8 15
8 20
9 55
10 68 75
11 31
12 43 70
13 14 41
14 23 72
15 16 18 32
16 21 67
17 22 82
18 50 59
19 26 84
20 33 55
21 54
22 24 28 57
23 81
24 89
25 37 81
26 27 38 54
27 29 42 46
28 35
29 35
30 58
31 38
32 36 47 56
33 34 44 49
34 40 60 64
35 45 53 80
36 61
37 39
38 64 69
39 64
40 69
41 53
42 90
43 51
44 85
45 48 63
46 75
47 52 62
48 73 87
49 56 61
50 88
51 77
52 85
53 78
54 66 70
55 65
56 66
57 84
58 61
59 78
60 71
61 74
62 81
63 67
64 82
65 74
66 80 87
67 75
68 69
69 88
70 74
71 73 77
72 76 86
73 85
74 82
75 83
76 79
77 84
78 83
79 80
80 88
81 89
82 83
83 86
84 86
85 90
86 89
87 90
88 91
89 91
90 91
91
