22 8 10
0 2 5 7
1 2 4 5 6
2 4 6 7
3 0 1 2 6
4 0 1 6
5 3 5 6 7
6 4 7
7 1 2 6 7
8 0 1
9 0 3 5 6
0 0 0 1 1 1 2 1 7 1
1 4 0 1 1 1 3 1 4 2
2 1 1 1 4 2 7 1
3 1 0 4 4 1
4 2 0 2 1 1 5 1
5 2 0 1 1 1 3 1 4 1 6 1
6 5 1 1 3 1 6 1
7 1 0 1 1 1 7 3
8 3 0 3
9 2 0 1 1 1 3 1 5 2
10 4 0 1 2 2
11 1 0 2 1 1 4 1 6 1
12 3 0 3
13 3 0 1 1 1 2 1 6 1
14 1 0 1 1 1 2 1
15 4 0 2 1 1 5 1
16 2 0 2 1 1
17 3 0 1 1 2 7 1
18 3 1 2 3 1
19 5 0 1 1 2 4 1
20 4 0 1 1 2 4 1 7 1
21 0 0 2 1 2
0 1 2 3 4 5 6 7 8 9 10 11 12 13 14 15 16 17 18 19 20
1 3 21
2 19 21
3 11 13 21
4 7 10 21
5 15 21
6 9 21
7 21
8 18 19 21
9 11 21
10 21
11 13 21
12 16 21
13 21
14 21
15 21
16 21
17 18 21
18 21
19 21
20 21
21
