22 3 11
0 0 1
1 1
2 1
3 0 1 2
4 2
5 2
6 0 2
7 0
8 0
9 1
10 1
0 0
1 4 1 3 2 1
2 1 1 1 2 3
3 1 0 1
4 2 0 3 1 3
5 2 0 3 2 1
6 5 0 3 1 2 2 1
7 1 1 1 2 1
8 3 0 1 1 2
9 2 1 2
10 4 0 2
11 1 0 1 1 1 2 3
12 3 0 1
13 3 0 1 1 3
14 1 2 2
15 4 0 2 1 2
16 2 0 2 1 3
17 3 0 2 2 2
18 3 0 3 2 2
19 5 2 1
20 4 0 2 2 1
21 0
0 1 2 3 4 5 6 7 8 9 10 11 12 13 14 15 16 17 18 19 20
1 3 21
2 19 21
3 11 13 21
4 7 10 21
5 15 21
6 9 21
7 21
8 18 19 21
9 11 21
10 21
11 13 21
12 16 21
13 21
14 21
15 21
16 21
17 18 21
18 21
19 21
20 21
21
