22 8 10
0 1 2 3 4 5 6
1 0 1 2 4 5 6
2 2 3 4 5 6 7
3 0 2 3 4 6
4 0 1 2 3 7
5 1 3 4 5 7
6 0 1 2 5 7
7 1 2 6 7
8 0 1 4 5
9 1 2 6 7
0 0 1 1 2 1 3 2 4 1
1 4 0 1 1 2 3 1 4 1
2 1 1 2 2 1 6 2
3 5 0 1 1 1 2 2 5 1
4 4 0 4 1 1
5 2 1 1 2 1 3 1 4 1
6 4 1 2 4 1 7 1
7 5 1 2 6 1 7 1
8 4 0 2 3 1 5 1
9 3 0 4
10 1 0 1 2 1 5 1
11 4 0 1 1 1 7 1
12 3 0 1 1 1 7 1
13 4 0 1 3 1 4 1
14 4 0 2 7 1
15 2 0 1 1 1 2 1 5 1 7 1
16 4 1 1 4 1 6 2 7 1
17 2 0 2 6 2 7 1
18 1 0 1 3 1 4 1 5 1 7 1
19 5 0 3 5 1 7 1
20 2 1 2 4 1 6 1
21 0 2 1 4 2 5 1
0 1 2 3 4 5 6 7 8 9 10 11 12 13 14 15 16 17 18 19 20
1 5 6 14 21
2 4 21
3 19 21
4 5 21
5 9 21
6 13 21
7 13 21
8 21
9 10 21
10 21
11 21
12 18 21
13 21
14 21
15 19 21
16 21
17 21
18 21
19 20 21
20 21
21
