22 8 10
0 1 2 3 4 5 6
1 0 1 2 4 5 6
2 2 3 4 5 6 7
3 0 2 3 4 6
4 0 1 2 3 7
5 1 3 4 5 7
6 0 1 2 5 7
7 1 2 6 7
8 0 1 4 5
9 1 2 6 7
0 0 1 1 2 1 3 2 4 1
1 4 0 1 1 2 3 1 4 1
2 1 1 2 2 1 6 2
3 1 0 1 1 1 2 2 5 1
4 2 0 4 1 1
5 2 1 1 2 1 3 1 4 1
6 5 1 2 4 1 7 1
7 1 1 2 6 1 7 1
8 3 0 2 3 1 5 1
9 2 0 4
10 4 0 1 2 1 5 1
11 1 0 1 1 1 7 1
12 3 0 1 1 1 7 1
13 3 0 1 3 1 4 1
14 1 0 2 7 1
15 4 0 1 1 1 2 1 5 1 7 1
16 2 1 1 4 1 6 2 7 1
17 3 0 2 6 2 7 1
18 3 0 1 3 1 4 1 5 1 7 1
19 5 0 3 5 1 7 1
20 4 1 2 4 1 6 1
21 0 2 1 4 2 5 1
0 1 2 3 4 5 6 7 8 9 10 11 12 13 14 15 16 17 18 19 20
1 3 21
2 19 21
3 11 13 21
4 7 10 21
5 15 21
6 9 21
7 21
8 18 19 21
9 11 21
10 21
11 13 21
12 16 21
13 21
14 21
15 21
16 21
17 18 21
18 21
19 21
20 21
21
