27 8 10
0 2 5 7
1 2 4 5 6
2 4 6 7
3 0 1 2 6
4 0 1 6
5 3 5 6 7
6 4 7
7 1 2 6 7
8 0 1
9 0 3 5 6
0 0 0 1 1 1 2 1 7 1
1 3 0 1 1 1 3 1 4 2
2 2 1 1 4 2 7 1
3 2 0 4 4 1
4 4 0 2 1 1 5 1
5 5 0 1 1 1 3 1 4 1 6 1
6 5 1 1 3 1 6 1
7 5 0 1 1 1 7 3
8 5 0 3
9 3 0 1 1 1 3 1 5 2
10 3 0 1 2 2
11 4 0 2 1 1 4 1 6 1
12 3 0 3
13 5 0 1 1 1 2 1 6 1
14 1 0 1 1 1 2 1
15 3 0 2 1 1 5 1
16 4 0 2 1 1
17 3 0 1 1 2 7 1
18 1 1 2 3 1
19 2 0 1 1 2 4 1
20 5 0 1 1 2 4 1 7 1
21 2 0 2 1 2
22 5 1 2 3 1 4 1 5 1
23 3 0 1 1 2 3 1
24 5 0 1 1 2 2 1 6 1
25 4 0 2 1 1 2 1
26 0 1 2 3 1 4 1 5 1
0 1 2 3 4 5 6 7 8 9 10 11 12 13 14 15 16 17 18 19 20 21 22 23 24 25
1 9 13 14 17 26
2 10 21 26
3 8 21 23 26
4 7 13 20 24 26
5 10 12 16 17 20 22 26
6 10 13 24 26
7 12 21 22 26
8 11 14 26
9 10 18 26
10 26
11 14 17 19 21 26
12 15 26
13 18 23 26
14 17 20 26
15 26
16 18 26
17 20 21 26
18 24 26
19 23 26
20 26
21 26
22 26
23 26
24 26
25 26
26
