27 8 10
0 1 2 3 4 5 6
1 0 1 2 4 5 6
2 2 3 4 5 6 7
3 0 2 3 4 6
4 0 1 2 3 7
5 1 3 4 5 7
6 0 1 2 5 7
7 1 2 6 7
8 0 1 4 5
9 1 2 6 7
0 0 1 1 2 1 3 2 4 1
1 2 0 1 1 2 3 1 4 1
2 3 1 2 2 1 6 2
3 2 0 1 1 1 2 2 5 1
4 3 0 4 1 1
5 3 1 1 2 1 3 1 4 1
6 5 1 2 4 1 7 1
7 5 1 2 6 1 7 1
8 1 0 2 3 1 5 1
9 3 0 4
10 4 0 1 2 1 5 1
11 1 0 1 1 1 7 1
12 1 0 1 1 1 7 1
13 2 0 1 3 1 4 1
14 5 0 2 7 1
15 2 0 1 1 1 2 1 5 1 7 1
16 5 1 1 4 1 6 2 7 1
17 5 0 2 6 2 7 1
18 4 0 1 3 1 4 1 5 1 7 1
19 3 0 3 5 1 7 1
20 2 1 2 4 1 6 1
21 4 2 1 4 2 5 1
22 1 0 2 3 1 6 1
23 5 0 1 3 2 4 1
24 4 0 1 1 1 2 1 7 1
25 4 1 2 2 1 6 1
26 0 1 1 2 1 5 1
0 1 2 3 4 5 6 7 8 9 10 11 12 13 14 15 16 17 18 19 20 21 22 23 24 25
1 4 7 9 11 16 18 26
2 3 21 26
3 15 26
4 14 19 24 26
5 23 26
6 12 14 26
7 10 14 16 17 26
8 22 26
9 17 21 24 26
10 14 26
11 12 25 26
12 17 18 26
13 16 17 26
14 25 26
15 22 26
16 21 24 26
17 26
18 20 23 26
19 20 26
20 25 26
21 23 26
22 26
23 26
24 26
25 26
26
