27 8 10
0 1 2 3 4 5 6
1 0 1 2 4 5 6
2 2 3 4 5 6 7
3 0 2 3 4 6
4 0 1 2 3 7
5 1 3 4 5 7
6 0 1 2 5 7
7 1 2 6 7
8 0 1 4 5
9 1 2 6 7
0 0 1 1 2 1 3 2 4 1
1 5 0 1 1 2 3 1 4 1
2 2 1 2 2 1 6 2
3 5 0 1 1 1 2 2 5 1
4 1 0 4 1 1
5 1 1 1 2 1 3 1 4 1
6 1 1 2 4 1 7 1
7 5 1 2 6 1 7 1
8 3 0 2 3 1 5 1
9 3 0 4
10 5 0 1 2 1 5 1
11 1 0 1 1 1 7 1
12 2 0 1 1 1 7 1
13 5 0 1 3 1 4 1
14 5 0 2 7 1
15 3 0 1 1 1 2 1 5 1 7 1
16 1 1 1 4 1 6 2 7 1
17 2 0 2 6 2 7 1
18 4 0 1 3 1 4 1 5 1 7 1
19 2 0 3 5 1 7 1
20 4 1 2 4 1 6 1
21 5 2 1 4 2 5 1
22 2 0 2 3 1 6 1
23 2 0 1 3 2 4 1
24 5 0 1 1 1 2 1 7 1
25 3 1 2 2 1 6 1
26 0 1 1 2 1 5 1
0 1 2 3 4 5 6 7 8 9 10 11 12 13 14 15 16 17 18 19 20 21 22 23 24 25
1 16 17 26
2 17 26
3 10 11 18 26
4 7 17 18 21 26
5 9 17 25 26
6 9 21 26
7 14 16 18 26
8 9 11 22 26
9 22 23 24 26
10 16 26
11 19 20 23 26
12 18 19 21 26
13 21 26
14 22 26
15 19 23 24 26
16 20 25 26
17 18 24 26
18 26
19 24 26
20 26
21 26
22 25 26
23 26
24 25 26
25 26
26
