27 3 9
0 0 2
1 2
2 2
3 0
4 0
5 1 2
6 0 1 2
7 1
8 1
0 0
1 3 2 3
2 2 0 1 2 3
3 2 2 3
4 4 2 3
5 5 1 2
6 5 0 2 1 1 2 3
7 5 1 1 2 1
8 5 1 2 2 3
9 3 0 1 1 1
10 3 2 1
11 4 0 1 2 3
12 3 1 1 2 3
13 5 0 1
14 1 2 2
15 3 0 2
16 4 1 1
17 3 0 1 1 1
18 1 0 2 2 2
19 2 1 2 2 1
20 5 2 2
21 2 1 2
22 5 1 2
23 3 2 3
24 5 0 2 1 1
25 4 0 1
26 0
0 1 2 3 4 5 6 7 8 9 10 11 12 13 14 15 16 17 18 19 20 21 22 23 24 25
1 9 13 14 17 26
2 10 21 26
3 8 21 23 26
4 7 13 20 24 26
5 10 12 16 17 20 22 26
6 10 13 24 26
7 12 21 22 26
8 11 14 26
9 10 18 26
10 26
11 14 17 19 21 26
12 15 26
13 18 23 26
14 17 20 26
15 26
16 18 26
17 20 21 26
18 24 26
19 23 26
20 26
21 26
22 26
23 26
24 26
25 26
26
