27 3 9
0 0
1 0
2 1
3 1
4 1 2
5 1 2
6 2
7 2
8 1
0 0
1 2 0 2 1 3
2 5 2 2
3 4 2 1
4 5 0 2 1 1
5 2 0 2 1 1 2 1
6 3 1 3
7 1 0 2 1 3
8 3 0 1 1 2 2 1
9 2 1 2
10 2 1 2
11 2 0 1 2 2
12 2 2 2
13 5 2 1
14 3 2 2
15 2 0 1 2 2
16 4 2 2
17 3 0 1 2 2
18 5 1 1
19 5 0 1
20 1 0 1 1 3 2 1
21 3 1 2
22 2 1 2 2 2
23 3 1 1
24 3 1 3 2 1
25 3 0 2 1 1 2 2
26 0
0 1 2 3 4 5 6 7 8 9 10 11 12 13 14 15 16 17 18 19 20 21 22 23 24 25
1 8 20 23 26
2 14 26
3 14 15 18 19 26
4 21 22 25 26
5 7 8 9 15 21 26
6 13 17 21 23 26
7 18 19 20 26
8 12 13 26
9 22 23 26
10 14 16 26
11 18 19 26
12 13 15 26
13 15 17 25 26
14 26
15 21 26
16 20 26
17 22 26
18 26
19 23 24 26
20 26
21 25 26
22 26
23 24 26
24 26
25 26
26
