27 8 10
0 2 5 7
1 2 4 5 6
2 4 6 7
3 0 1 2 6
4 0 1 6
5 3 5 6 7
6 4 7
7 1 2 6 7
8 0 1
9 0 3 5 6
0 0 0 1 1 1 2 1 7 1
1 2 0 1 1 1 3 1 4 2
2 1 1 1 4 2 7 1
3 3 0 4 4 1
4 3 0 2 1 1 5 1
5 2 0 1 1 1 3 1 4 1 6 1
6 4 1 1 3 1 6 1
7 4 0 1 1 1 7 3
8 1 0 3
9 2 0 1 1 1 3 1 5 2
10 5 0 1 2 2
11 1 0 2 1 1 4 1 6 1
12 3 0 3
13 1 0 1 1 1 2 1 6 1
14 5 0 1 1 1 2 1
15 2 0 2 1 1 5 1
16 4 0 2 1 1
17 4 0 1 1 2 7 1
18 4 1 2 3 1
19 5 0 1 1 2 4 1
20 1 0 1 1 2 4 1 7 1
21 4 0 2 1 2
22 2 1 2 3 1 4 1 5 1
23 4 0 1 1 2 3 1
24 4 0 1 1 2 2 1 6 1
25 5 0 2 1 1 2 1
26 0 1 2 3 1 4 1 5 1
0 1 2 3 4 5 6 7 8 9 10 11 12 13 14 15 16 17 18 19 20 21 22 23 24 25
1 7 19 24 26
2 7 8 12 17 26
3 12 22 26
4 17 20 26
5 7 8 26
6 8 14 26
7 14 26
8 23 26
9 14 17 26
10 12 13 16 21 22 26
11 12 23 26
12 22 26
13 22 26
14 16 20 22 25 26
15 18 19 26
16 17 23 24 26
17 26
18 25 26
19 20 26
20 26
21 26
22 26
23 25 26
24 26
25 26
26
