27 3 11
0 0 2
1 1
2 1
3 1 2
4 0 1 2
5 0 2
6 0 2
7 2
8 2
9 1
10 1
0 0
1 2 0 1 1 3
2 3 1 2
3 3 1 1 2 1
4 3 1 2
5 3 0 1 2 2
6 5 0 1 1 2
7 5 0 1
8 5 0 2 2 3
9 5 0 3 2 2
10 4 0 2 1 1
11 4 0 1 2 3
12 5 0 3
13 2 1 2
14 3 0 1 1 2 2 3
15 3 0 2 1 3
16 4 0 1 2 2
17 4 1 2 2 3
18 3 0 1 1 3 2 2
19 5 0 3 1 3 2 1
20 3 1 3
21 5 1 3
22 3 1 1
23 3 0 3 1 1
24 4 2 2
25 2 0 2 1 2
26 0
0 1 2 3 4 5 6 7 8 9 10 11 12 13 14 15 16 17 18 19 20 21 22 23 24 25
1 8 26
2 4 6 13 14 20 23 26
3 13 25 26
4 9 17 22 26
5 21 26
6 8 17 21 25 26
7 9 20 26
8 23 25 26
9 12 17 22 26
10 16 23 26
11 12 13 24 26
12 15 16 24 26
13 17 23 26
14 24 26
15 16 24 26
16 18 25 26
17 21 26
18 23 26
19 26
20 26
21 24 26
22 26
23 26
24 26
25 26
26
