27 8 10
0 2 5 7
1 2 4 5 6
2 4 6 7
3 0 1 2 6
4 0 1 6
5 3 5 6 7
6 4 7
7 1 2 6 7
8 0 1
9 0 3 5 6
0 0 0 1 1 1 2 1 7 1
1 4 0 1 1 1 3 1 4 2
2 5 1 1 4 2 7 1
3 4 0 4 4 1
4 4 0 2 1 1 5 1
5 2 0 1 1 1 3 1 4 1 6 1
6 3 1 1 3 1 6 1
7 5 0 1 1 1 7 3
8 2 0 3
9 2 0 1 1 1 3 1 5 2
10 1 0 1 2 2
11 3 0 2 1 1 4 1 6 1
12 3 0 3
13 4 0 1 1 1 2 1 6 1
14 3 0 1 1 1 2 1
15 1 0 2 1 1 5 1
16 4 0 2 1 1
17 3 0 1 1 2 7 1
18 1 1 2 3 1
19 1 0 1 1 2 4 1
20 3 0 1 1 2 4 1 7 1
21 1 0 2 1 2
22 1 1 2 3 1 4 1 5 1
23 2 0 1 1 2 3 1
24 2 0 1 1 2 2 1 6 1
25 5 0 2 1 1 2 1
26 0 1 2 3 1 4 1 5 1
0 1 2 3 4 5 6 7 8 9 10 11 12 13 14 15 16 17 18 19 20 21 22 23 24 25
1 13 19 22 23 26
2 14 16 20 26
3 13 21 23 26
4 12 20 25 26
5 18 26
6 9 10 25 26
7 14 15 21 24 26
8 9 22 24 26
9 15 26
10 12 15 26
11 12 13 26
12 13 16 26
13 25 26
14 17 19 26
15 20 26
16 24 26
17 24 25 26
18 26
19 26
20 26
21 23 24 26
22 23 26
23 25 26
24 26
25 26
26
