27 3 7
0 0
1 0 1
2 1
3 0 1 2
4 2
5 1 2
6 0 2
0 0
1 4 0 1 1 3 2 1
2 2 0 1 2 2
3 3 2 1
4 2 1 2
5 3 1 1 2 1
6 1 0 1 1 1
7 5 0 1 1 2
8 4 0 1
9 5 1 2 2 1
10 3 0 1 2 1
11 4 1 2 2 2
12 1 2 2
13 1 1 3 2 1
14 1 1 1
15 2 2 2
16 5 2 1
17 5 2 1
18 1 0 1 1 2 2 2
19 3 0 1 1 1 2 2
20 3 1 1
21 4 2 1
22 1 2 1
23 5 1 3
24 3 1 2 2 1
25 1 1 2 2 1
26 0
0 1 2 3 4 5 6 7 8 9 10 11 12 13 14 15 16 17 18 19 20 21 22 23 24 25
1 4 21 23 26
2 12 21 23 26
3 17 26
4 6 7 14 19 25 26
5 8 13 16 17 18 20 21 22 26
6 14 26
7 18 20 26
8 13 16 18 24 26
9 25 26
10 15 26
11 26
12 13 22 26
13 14 15 21 26
14 17 26
15 26
16 26
17 21 26
18 22 23 26
19 24 26
20 26
21 26
22 26
23 26
24 26
25 26
26
