27 3 6
0 0
1 0
2 0 1
3 1 2
4 2
5 0
0 0
1 4 1 1 2 2
2 5 0 2
3 4 0 2 2 2
4 4 0 1 2 2
5 2 0 1 1 1
6 3 2 1
7 5 2 1
8 2 1 1 2 2
9 2 0 1
10 1 1 1 2 1
11 3 0 2 1 1 2 1
12 3 0 2 2 1
13 4 1 1 2 2
14 3 1 1 2 1
15 1 1 1 2 2
16 4 0 2
17 3 1 1 2 2
18 1 0 1 1 1 2 1
19 1 2 1
20 3 2 1
21 1 0 2 2 2
22 1 0 2 2 1
23 2 2 2
24 2 1 1 2 2
25 5 1 1 2 2
26 0
0 1 2 3 4 5 6 7 8 9 10 11 12 13 14 15 16 17 18 19 20 21 22 23 24 25
1 13 19 22 23 26
2 14 16 20 26
3 13 21 23 26
4 12 20 25 26
5 18 26
6 9 10 25 26
7 14 15 21 24 26
8 9 22 24 26
9 15 26
10 12 15 26
11 12 13 26
12 13 16 26
13 25 26
14 17 19 26
15 20 26
16 24 26
17 24 25 26
18 26
19 26
20 26
21 23 24 26
22 23 26
23 25 26
24 26
25 26
26
