27 8 10
0 1 2 3 4 5 6
1 0 1 2 4 5 6
2 2 3 4 5 6 7
3 0 2 3 4 6
4 0 1 2 3 7
5 1 3 4 5 7
6 0 1 2 5 7
7 1 2 6 7
8 0 1 4 5
9 1 2 6 7
0 0 1 1 2 1 3 2 4 1
1 3 0 1 1 2 3 1 4 1
2 3 1 2 2 1 6 2
3 5 0 1 1 1 2 2 5 1
4 3 0 4 1 1
5 2 1 1 2 1 3 1 4 1
6 5 1 2 4 1 7 1
7 3 1 2 6 1 7 1
8 1 0 2 3 1 5 1
9 5 0 4
10 2 0 1 2 1 5 1
11 4 0 1 1 1 7 1
12 3 0 1 1 1 7 1
13 1 0 1 3 1 4 1
14 4 0 2 7 1
15 4 0 1 1 1 2 1 5 1 7 1
16 4 1 1 4 1 6 2 7 1
17 5 0 2 6 2 7 1
18 5 0 1 3 1 4 1 5 1 7 1
19 2 0 3 5 1 7 1
20 1 1 2 4 1 6 1
21 5 2 1 4 2 5 1
22 2 0 2 3 1 6 1
23 2 0 1 3 2 4 1
24 2 0 1 1 1 2 1 7 1
25 1 1 2 2 1 6 1
26 0 1 1 2 1 5 1
0 1 2 3 4 5 6 7 8 9 10 11 12 13 14 15 16 17 18 19 20 21 22 23 24 25
1 8 19 25 26
2 5 7 10 16 24 26
3 6 26
4 7 22 23 26
5 13 14 26
6 17 24 26
7 9 17 24 26
8 15 16 18 26
9 17 26
10 11 12 18 23 26
11 14 26
12 20 22 26
13 14 16 21 26
14 20 26
15 18 25 26
16 20 21 26
17 26
18 26
19 21 26
20 26
21 26
22 23 26
23 25 26
24 26
25 26
26
