27 3 9
0 0
1 1
2 0 1
3 0 2
4 1 2
5 0 2
6 0 2
7 1
8 0
0 0
1 2 0 1 1 2 2 2
2 1 0 2 1 2
3 3 0 2 2 2
4 3 0 3 1 2 2 2
5 2 0 3 2 1
6 4 0 3 1 1
7 4 2 1
8 1 0 2 2 2
9 2 1 1
10 5 0 2
11 1 0 3 2 1
12 3 0 2 1 1
13 1 0 2 1 1
14 5 1 1 2 2
15 2 0 2 1 2
16 4 1 1
17 4 1 1 2 2
18 4 0 2 1 1 2 2
19 5 1 1 2 1
20 1 2 2
21 4 2 1
22 2 0 1
23 4 1 2 2 1
24 4 0 3
25 5 2 2
26 0
0 1 2 3 4 5 6 7 8 9 10 11 12 13 14 15 16 17 18 19 20 21 22 23 24 25
1 7 19 24 26
2 7 8 12 17 26
3 12 22 26
4 17 20 26
5 7 8 26
6 8 14 26
7 14 26
8 23 26
9 14 17 26
10 12 13 16 21 22 26
11 12 23 26
12 22 26
13 22 26
14 16 20 22 25 26
15 18 19 26
16 17 23 24 26
17 26
18 25 26
19 20 26
20 26
21 26
22 26
23 25 26
24 26
25 26
26
