27 8 10
0 2 5 7
1 2 4 5 6
2 4 6 7
3 0 1 2 6
4 0 1 6
5 3 5 6 7
6 4 7
7 1 2 6 7
8 0 1
9 0 3 5 6
0 0 0 1 1 1 2 1 7 1
1 2 0 1 1 1 3 1 4 2
2 5 1 1 4 2 7 1
3 4 0 4 4 1
4 5 0 2 1 1 5 1
5 2 0 1 1 1 3 1 4 1 6 1
6 3 1 1 3 1 6 1
7 1 0 1 1 1 7 3
8 3 0 3
9 2 0 1 1 1 3 1 5 2
10 2 0 1 2 2
11 2 0 2 1 1 4 1 6 1
12 2 0 3
13 5 0 1 1 1 2 1 6 1
14 3 0 1 1 1 2 1
15 2 0 2 1 1 5 1
16 4 0 2 1 1
17 3 0 1 1 2 7 1
18 5 1 2 3 1
19 5 0 1 1 2 4 1
20 1 0 1 1 2 4 1 7 1
21 3 0 2 1 2
22 2 1 2 3 1 4 1 5 1
23 3 0 1 1 2 3 1
24 3 0 1 1 2 2 1 6 1
25 3 0 2 1 1 2 1
26 0 1 2 3 1 4 1 5 1
0 1 2 3 4 5 6 7 8 9 10 11 12 13 14 15 16 17 18 19 20 21 22 23 24 25
1 8 20 23 26
2 14 26
3 14 15 18 19 26
4 21 22 25 26
5 7 8 9 15 21 26
6 13 17 21 23 26
7 18 19 20 26
8 12 13 26
9 22 23 26
10 14 16 26
11 18 19 26
12 13 15 26
13 15 17 25 26
14 26
15 21 26
16 20 26
17 22 26
18 26
19 23 24 26
20 26
21 25 26
22 26
23 24 26
24 26
25 26
26
