27 3 7
0 0
1 0 1 2
2 2
3 1 2
4 0
5 0 1
6 0
0 0
1 2 0 2 2 2
2 5 0 3 2 2
3 3 0 3 1 1
4 2 0 3 2 1
5 4 1 1
6 5 1 1
7 5 2 2
8 3 0 1 2 1
9 1 1 1
10 2 1 1
11 1 1 1
12 4 0 2 1 1 2 1
13 4 0 3 1 1 2 2
14 5 1 1
15 4 2 1
16 5 2 1
17 1 1 1
18 4 0 2 1 1
19 5 1 1 2 1
20 2 1 1
21 3 2 1
22 1 0 1 2 2
23 3 0 2 2 2
24 2 2 2
25 5 2 2
26 0
0 1 2 3 4 5 6 7 8 9 10 11 12 13 14 15 16 17 18 19 20 21 22 23 24 25
1 9 14 18 25 26
2 12 13 17 26
3 24 25 26
4 7 10 13 14 20 26
5 6 8 16 26
6 26
7 11 12 13 18 19 20 21 26
8 10 23 24 26
9 15 26
10 26
11 14 26
12 21 26
13 26
14 15 26
15 26
16 20 22 26
17 20 26
18 20 21 26
19 23 25 26
20 21 26
21 26
22 26
23 26
24 26
25 26
26
