27 8 10
0 2 5 7
1 2 4 5 6
2 4 6 7
3 0 1 2 6
4 0 1 6
5 3 5 6 7
6 4 7
7 1 2 6 7
8 0 1
9 0 3 5 6
0 0 0 1 1 1 2 1 7 1
1 4 0 1 1 1 3 1 4 2
2 2 1 1 4 2 7 1
3 4 0 4 4 1
4 1 0 2 1 1 5 1
5 5 0 1 1 1 3 1 4 1 6 1
6 2 1 1 3 1 6 1
7 3 0 1 1 1 7 3
8 4 0 3
9 1 0 1 1 1 3 1 5 2
10 5 0 1 2 2
11 1 0 2 1 1 4 1 6 1
12 4 0 3
13 3 0 1 1 1 2 1 6 1
14 5 0 1 1 1 2 1
15 4 0 2 1 1 5 1
16 4 0 2 1 1
17 1 0 1 1 2 7 1
18 3 1 2 3 1
19 2 0 1 1 2 4 1
20 5 0 1 1 2 4 1 7 1
21 1 0 2 1 2
22 2 1 2 3 1 4 1 5 1
23 1 0 1 1 2 3 1
24 2 0 1 1 2 2 1 6 1
25 2 0 2 1 1 2 1
26 0 1 2 3 1 4 1 5 1
0 1 2 3 4 5 6 7 8 9 10 11 12 13 14 15 16 17 18 19 20 21 22 23 24 25
1 18 26
2 9 15 26
3 17 18 26
4 7 14 24 26
5 24 26
6 8 9 24 26
7 8 11 13 15 22 25 26
8 9 22 26
9 13 19 20 21 22 26
10 23 26
11 22 24 25 26
12 13 22 26
13 19 25 26
14 15 26
15 19 26
16 22 26
17 19 26
18 26
19 26
20 23 26
21 23 24 26
22 26
23 26
24 26
25 26
26
