27 3 2
0 1
1 2
0 0
1 2 1 1
2 2 1 1 2 1
3 3 1 1
4 5 2 1
5 2 1 1
6 3 1 1
7 3 1 1
8 2 1 1
9 3 1 1
10 2 2 1
11 3 2 1
12 4 2 1
13 2 1 1
14 3 2 1
15 2 1 1 2 1
16 4 2 1
17 4 1 1
18 1 1 1
19 5 1 1
20 5 1 1 2 1
21 2 1 1 2 1
22 3 2 1
23 1 1 1
24 3 1 1
25 5 2 1
26 0
0 1 2 3 4 5 6 7 8 9 10 11 12 13 14 15 16 17 18 19 20 21 22 23 24 25
1 11 16 26
2 3 11 14 26
3 6 19 21 25 26
4 7 15 19 26
5 7 8 11 18 26
6 11 15 17 26
7 12 16 18 26
8 9 15 26
9 17 24 26
10 19 21 23 26
11 19 21 22 26
12 26
13 23 26
14 20 25 26
15 26
16 26
17 22 26
18 19 22 26
19 25 26
20 26
21 26
22 26
23 26
24 26
25 26
26
