27 8 10
0 1 2 3 4 5 6
1 0 1 2 4 5 6
2 2 3 4 5 6 7
3 0 2 3 4 6
4 0 1 2 3 7
5 1 3 4 5 7
6 0 1 2 5 7
7 1 2 6 7
8 0 1 4 5
9 1 2 6 7
0 0 1 1 2 1 3 2 4 1
1 2 0 1 1 2 3 1 4 1
2 4 1 2 2 1 6 2
3 3 0 1 1 1 2 2 5 1
4 4 0 4 1 1
5 1 1 1 2 1 3 1 4 1
6 2 1 2 4 1 7 1
7 5 1 2 6 1 7 1
8 4 0 2 3 1 5 1
9 3 0 4
10 3 0 1 2 1 5 1
11 3 0 1 1 1 7 1
12 2 0 1 1 1 7 1
13 1 0 1 3 1 4 1
14 3 0 2 7 1
15 5 0 1 1 1 2 1 5 1 7 1
16 2 1 1 4 1 6 2 7 1
17 3 0 2 6 2 7 1
18 2 0 1 3 1 4 1 5 1 7 1
19 1 0 3 5 1 7 1
20 1 1 2 4 1 6 1
21 4 2 1 4 2 5 1
22 1 0 2 3 1 6 1
23 3 0 1 3 2 4 1
24 4 0 1 1 1 2 1 7 1
25 3 1 2 2 1 6 1
26 0 1 1 2 1 5 1
0 1 2 3 4 5 6 7 8 9 10 11 12 13 14 15 16 17 18 19 20 21 22 23 24 25
1 6 16 17 24 26
2 26
3 17 22 26
4 11 17 22 23 24 26
5 8 20 24 26
6 8 16 22 24 26
7 16 26
8 10 26
9 14 21 24 25 26
10 11 16 24 26
11 24 26
12 14 26
13 15 22 26
14 17 23 26
15 18 22 26
16 17 26
17 26
18 25 26
19 24 26
20 22 26
21 26
22 26
23 24 26
24 26
25 26
26
