27 3 3
0 1 2
1 0 2
2 0 1 2
0 0
1 2 1 1
2 3 1 1
3 3 0 1
4 3 0 1 1 1 2 1
5 3 2 1
6 5 1 1
7 5 1 1
8 5 1 1 2 1
9 5 2 1
10 4 0 1
11 4 2 1
12 5 0 1 2 1
13 2 1 1
14 3 1 1
15 3 0 1 2 1
16 4 2 1
17 4 1 1 2 1
18 3 1 1
19 5 0 1
20 3 0 1 1 1
21 5 1 1
22 3 2 1
23 3 0 1 2 1
24 4 2 1
25 2 0 1 1 1
26 0
0 1 2 3 4 5 6 7 8 9 10 11 12 13 14 15 16 17 18 19 20 21 22 23 24 25
1 8 26
2 4 6 13 14 20 23 26
3 13 25 26
4 9 17 22 26
5 21 26
6 8 17 21 25 26
7 9 20 26
8 23 25 26
9 12 17 22 26
10 16 23 26
11 12 13 24 26
12 15 16 24 26
13 17 23 26
14 24 26
15 16 24 26
16 18 25 26
17 21 26
18 23 26
19 26
20 26
21 24 26
22 26
23 26
24 26
25 26
26
