62 12 10
0 1 2 7 8 9
1 1 4 5 9
2 1 2
3 5 6 7 8
4 2
5 0 1 2 3 4 5
6 1
7 1 9
8 6 7 8
9 7 8
0 0
1 5 2 1
2 3 5 1 10 1
3 2 2 1 4 1 8 1
4 4 4 1
5 1 2 1 5 1 10 1
6 2 6 1 10 2
7 4 4 1 10 1
8 2 2 1 8 1
9 3 5 1 7 1 11 1
10 1 5 1 8 1 9 1
11 1 10 1
12 1 5 2 11 1
13 2 11 1
14 3 11 1
15 2 2 1
16 3 0 1 10 1
17 2 10 1
18 2 5 1 10 1
19 2 2 1
20 2 2 2 9 1
21 3 4 1 8 1 10 1
22 3 10 2
23 2 0 1
24 3 2 1 4 1 9 1
25 4 2 1 10 1 11 1
26 2 8 2 10 1
27 1 7 1 9 1
28 2 0 1 2 1 9 1
29 2 8 1
30 3 10 1
31 1 3 1 8 1 11 1
32 3 2 1 8 1
33 2 2 1 9 1 10 1
34 2 2 1 8 1
35 3 11 1
36 2 4 1 9 2
37 2 8 1
38 1 7 1 10 1
39 4 4 1 7 1 10 1
40 4 4 1
41 1 2 1 11 1
42 5 2 1 8 1 11 1
43 3 2 1 3 1
44 1 2 1
45 2 1 1 5 1
46 2 10 2
47 5 6 1
48 3 2 1 5 1 6 1
49 3 10 1 11 1
50 2 2 2
51 2 9 1
52 3 0 1 2 1
53 2 8 1
54 2 2 1
55 1 3 1 4 1
56 2 8 1 11 1
57 2 2 1 9 1 10 1
58 1 2 2 7 1
59 5 7 1 8 2
60 6 0 1 2 1 9 1
61 0
0 1 2 3
1 5 6 9
2 4 7 60
3 10 12 34
4 37
5 8 14 25
6 11 18 27
7 19
8 13 24
9 57
10 15 16 26
11 15 31 38
12 30 49
13 26 53
14 17 22 43
15 42
16 56 58
17 20 29 35
18 23
19 28 44 47
20 21 41 42
21 31 36
22 39 42 46
23 30 39
24 28 36 49
25 27 32
26 29 40
27 33 47
28 31
29 45 51
30 38 54
31 37 39
32 46 52
33 43 44
34 55
35 49
36 47 50
37 40 45 46
38 48
39 45 50 55
40 50
41 51 54
42 51
43 60
44 57
45 54
46 48
47 48 53
48 59
49 52 56
50 56
51 55
52 53 60
53 57
54 58
55 59
56 59
57 58
58 61
59 61
60 61
61
