62 9 11
0 6 7 8
1 1 2 6 7 8
2 5
3 3 4 5
4 1 2 6 7 8
5 0 1 2 5
6 2 3 4 5 8
7 3 4 5
8 4 5 8
9 7 8
10 3 4 5
0 0
1 1 7 1
2 1 3 2
3 3 4 1
4 4 4 1 5 1
5 2 4 1 5 1 7 1
6 2 4 1 5 1
7 3 5 2 7 1
8 2 2 1 4 1
9 2 5 1 7 1
10 2 5 1 7 1 8 1
11 1 5 1
12 1 1 1 5 1 6 1
13 2 1 1 5 2
14 1 4 1 6 1 7 1
15 2 2 1 4 1
16 2 4 1
17 3 2 2
18 4 5 2
19 2 2 1 4 2
20 3 3 1 7 1
21 3 5 2 6 1
22 4 0 1 5 1 7 1
23 2 5 2 6 1
24 3 3 1 4 1 7 1
25 2 1 1 2 1 7 1
26 2 1 1 4 1 6 1
27 5 1 1 3 2
28 2 2 1 5 1
29 3 4 1
30 2 5 1 6 1 7 1
31 2 4 1
32 2 3 1 4 1 5 1
33 2 2 1
34 3 4 1 5 1
35 1 4 1 7 1
36 1 2 1 4 1 6 1
37 1 1 1 4 1 7 1
38 1 5 1 7 1
39 3 0 1 4 1
40 2 2 1 5 1
41 3 7 1
42 6 2 1
43 2 7 1
44 2 1 1 4 2
45 2 0 1 5 1
46 2 7 1
47 1 5 1
48 3 2 1
49 5 1 1 5 1
50 3 6 1
51 4 5 1
52 2 7 1
53 3 6 2
54 2 5 1
55 2 5 2 7 1
56 2 7 1
57 3 4 1 6 1
58 1 5 1
59 2 3 2
60 1 3 1 5 1 7 1
61 0
0 1 2 3
1 15 51
2 5 6 12
3 4 7 10
4 27
5 8
6 22 23 30
7 11 19 38
8 9 14 17
9 18 45
10 36
11 13 16 44
12 58
13 21 43
14 52
15 24 26
16 53
17 39
18 28 34 40
19 20 25
20 47
21 55
22 29 32 49
23 31 47
24 60
25 26
26 35
27 37 38 57
28 35 55
29 60
30 33
31 46
32 43
33 42
34 60
35 50
36 54
37 39 41
38 47
39 40
40 48 49 52
41 53
42 50
43 50
44 54
45 56
46 51 52
47 48
48 53 58
49 58
50 57
51 57
52 54
53 55
54 56
55 56
56 59
57 59
58 61
59 61
60 61
61
