92 12 20
0 2 5 6 7 8
1 7 8
2 3 4 5
3 2
4 2
5 1 7 8 9
6 1 9
7 8
8 4 5 6 7 8
9 1 3 4 5
10 4 5
11 6 7 8
12 0 1 2
13 8
14 7 8
15 1 3 4 5
16 3 4 5
17 1 2
18 5
19 2
0 0
1 3 2 1
2 3 1 1 4 2 5 1 8 1
3 1 3 1 4 1 5 1 7 1
4 1 4 2
5 1 1 1 4 2 7 1 8 1 10 1
6 4 1 1
7 6 1 1 6 1 7 1 8 1
8 2 1 1 5 1 7 1 8 1
9 6 7 2
10 2 1 2 2 1 3 1 8 1 9 1
11 2 2 1 3 1 5 1 8 1
12 3 2 2 4 1 8 1
13 4 2 2 4 1 5 1 6 1 8 1 11 1
14 3 3 1 5 2 8 1 9 1 10 1
15 3 1 1 3 1 4 1 5 1
16 1 1 1 4 2 5 1
17 5 1 1 2 2 8 1 9 1
18 4 2 2 4 1 8 1
19 4 2 1 4 1 5 1 6 2
20 3 4 1
21 2 3 1 10 1
22 2 1 2 2 1 4 1 5 1 8 1
23 5 8 1
24 2 2 1 3 1 5 1 7 1 8 1 9 1
25 3 10 1
26 2 4 1 5 1 8 1 10 1
27 3 3 2 6 1
28 1 3 1 4 1 5 1 8 1 10 1
29 3 2 1 3 1 4 2 7 1 8 1
30 6 4 2 5 1 8 1 10 1
31 3 4 1 8 2
32 3 3 1 5 1 7 1 8 2
33 3 4 1 7 1
34 6 3 1 8 1 9 1
35 2 5 1
36 2 3 1 5 1 7 1 8 2
37 2 2 2 4 1 6 1
38 1 4 1 5 2 8 2
39 5 2 1 4 2 5 1
40 4 5 1
41 3 2 1 5 2 8 1 9 1
42 3 2 1 4 1
43 5 7 1
44 3 7 1
45 2 3 1 5 1 7 1 8 2 10 1
46 1 4 1
47 3 4 1 5 1
48 1 5 1 7 1
49 4 2 1 6 1
50 3 2 2 5 1 8 1 9 1
51 3 8 1 10 1
52 3 4 1 5 1 8 1
53 4 1 1 5 2 8 1
54 2 2 2 8 2
55 3 2 1 8 1
56 2 1 1 3 1 5 1 8 1 10 1
57 2 4 1 8 1
58 4 5 2 7 2 8 1
59 2 0 1 3 1 4 1 8 1
60 4 2 1 4 1 5 1 7 1 10 1
61 1 0 1 2 1
62 1 0 1 5 2 9 1
63 3 2 3 3 1 4 1 9 1
64 2 5 1 8 2
65 4 2 1 4 1 5 1 8 1
66 2 1 1 5 1 7 1
67 2 7 1
68 4 4 1
69 3 4 1 8 1
70 3 3 2 4 1 5 1 8 1
71 5 5 2 8 2
72 3 8 1
73 5 2 1 4 1 5 2 6 1 10 1
74 4 7 2
75 3 5 1 8 1 10 1
76 4 1 1 5 1 7 3
77 4 2 1 3 2 5 1 8 1
78 3 4 1 5 3 7 1 8 1
79 4 2 1 4 2 5 1 7 2
80 2 2 2 5 3 8 1
81 1 5 1 7 1 8 2
82 2 0 1 2 3 3 1 7 1
83 4 0 1 2 1 5 1 7 1 8 1
84 3 2 1 5 1 7 1 9 1
85 1 7 1
86 4 1 1 4 2
87 2 7 1
88 2 2 1 5 1 6 1
89 1 2 1 4 2 5 1 7 1
90 2 2 1 5 1 9 1
91 0
0 1 2 3
1 6
2 7 9 10
3 4 5 11
4 13 55 60
5 14 23
6 8 18 21
7 43
8 12 16
9 36 42
10 50
11 12 19 59
12 15 17 24
13 26
14 69
15 33 37 38
16 22 30 35
17 47 49 61
18 20 52 62
19 40
20 23 46 83
21 28 74
22 25 45
23 60 63
24 68
25 27 29 66
26 34 71
27 44 51 53
28 41 82
29 31
30 73
31 32
32 70 77
33 88
34 39 48
35 83
36 69
37 88
38 51
39 65
40 89
41 78
42 64 83
43 61
44 80
45 58
46 84
47 55 67
48 59 63
49 81
50 58
51 72
52 56
53 54
54 56
55 64
56 57
57 80
58 68
59 65
60 65 70
61 76 78 80
62 77
63 87
64 70
65 75 90
66 79
67 75
68 69
69 73 89
70 73
71 85
72 84
73 85
74 82
75 76
76 86
77 85
78 84
79 86
80 81
81 82
82 90
83 87
84 86 90
85 87
86 89
87 88
88 91
89 91
90 91
91
