62 9 9
0 0 1 2 4 5 6 7 8
1 1 2
2 3 4 5
3 3 4 5 8
4 3 4 5 6 7 8
5 1 2 5 6 7 8
6 5
7 2
8 2
0 0
1 3 2 1
2 4 5 1
3 3 3 2 4 1 8 1
4 2 2 1 4 2
5 3 2 1 5 1
6 3 6 1
7 3 4 1 5 1 7 1
8 1 3 1 5 1
9 4 2 1 4 1 5 1
10 4 2 2 5 1
11 2 5 1 7 2
12 1 2 2 3 1
13 3 5 1
14 3 3 1 4 1
15 4 1 1 5 1
16 1 5 1 6 1
17 3 2 1
18 3 2 1 5 1
19 1 2 2 5 1
20 3 5 2
21 1 7 1
22 2 2 3
23 3 2 1 7 1
24 3 2 1
25 5 2 1 7 1
26 3 2 1 4 1
27 2 1 1 4 1
28 1 2 1 5 2
29 3 6 1
30 2 0 1 1 1
31 1 2 1 5 2
32 2 5 1
33 3 1 1 7 1
34 4 5 1
35 5 2 2 3 1
36 3 2 1 5 1 7 1
37 2 1 1 3 1 6 1
38 2 5 1
39 3 2 1 4 1 7 1
40 1 6 1
41 2 2 1 5 1
42 3 2 1 3 1
43 3 2 1
44 2 3 2
45 2 1 1 2 1
46 3 1 1 2 1 3 1
47 2 1 1 4 1
48 3 1 1
49 3 5 1 6 1 7 1
50 3 3 1 5 2
51 2 4 1
52 2 2 1 3 1 6 1
53 2 5 1
54 3 4 1 6 1
55 2 1 1
56 5 5 1 6 1
57 4 3 1 4 1
58 2 5 1 7 1
59 1 5 1
60 6 1 1 2 1 5 1
61 0
0 1 2 3
1 20 28 35
2 7 27 37
3 4 14 21
4 5 31
5 6 8 23
6 24 50
7 11 13 26
8 9 10 15
9 12 16 22
10 17 52
11 29 33 38
12 18 42 51
13 19 21 53
14 28 56
15 26
16 25
17 47
18 39 43
19 24 30 32
20 44 46
21 41
22 34 39
23 26
24 35 41
25 27 28
26 34 45
27 32
28 43 49
29 55
30 48 54 60
31 34 43 53
32 36 49 56
33 39 60
34 44
35 45 46 47
36 50
37 45
38 40
39 52
40 41 42
41 55
42 46
43 48 50
44 47 51 55
45 48
46 49 52
47 57
48 59
49 54
50 58
51 54
52 56 57
53 60
54 58
55 57
56 58 59
57 59
58 61
59 61
60 61
61
