62 15 22
0 8
1 1 9
2 1
3 1 3 4 5
4 6 7 8
5 0 1 2
6 3 4 5
7 1 9
8 1 2
9 4 5
10 5
11 1 6 7 8
12 6 7 8
13 5
14 1
15 2
16 1 6 7 8
17 1 2
18 1
19 1
20 1 2 5
21 2
0 0
1 4 7 1 10 2 13 1
2 3 3 1
3 1 2 1 11 2
4 1 8 1 11 3
5 4 5 1 6 2
6 3 0 1 2 1 11 2 13 1
7 3 0 1 6 1 8 1 10 2 11 1
8 2 2 1 4 1 8 1
9 1 0 1 7 1 11 2
10 2 2 1 4 2 7 1 8 1 11 1
11 1 5 3 11 1 13 1
12 3 2 1 8 1
13 2 2 2 5 2 7 1 10 1 11 1
14 4 4 1 7 1 10 3
15 2 2 1 4 1 6 1 7 1 8 1 10 1 11 1
16 2 3 1 10 1 12 1
17 3 1 1 11 1
18 1 1 1 8 1 9 1 11 1 13 1
19 1 3 1 5 1 11 2
20 5 2 1 5 1 10 1
21 1 10 1
22 2 2 1 4 1 5 1 8 1 11 1 13 1
23 2 2 2 11 1
24 1 2 1 4 1 5 1 6 1 11 2
25 3 5 1 6 1 8 2
26 4 5 1 8 1
27 2 0 1 2 1 4 1 5 1 11 2
28 2 2 1 5 1 8 1 9 1 11 1 13 1
29 4 2 1 5 3 10 1 11 2 14 1
30 1 1 1 4 2 5 1 11 3
31 3 2 1 7 1
32 1 1 1 2 1 5 1 6 1 7 1 11 1 13 1
33 2 1 1 5 1 10 2
34 1 2 2 5 1
35 1 2 1 5 1 7 2 8 1 10 1 11 1
36 1 4 1 10 1
37 2 2 1 5 2 9 1 11 1
38 1 2 1 3 1
39 2 11 1
40 2 5 2 6 1 13 1
41 3 4 1 6 1 8 1 11 1
42 2 2 1 11 1
43 2 3 1
44 2 5 2 8 1 11 1
45 3 2 1 5 2 8 1 10 1 11 2
46 3 6 1 10 2
47 1 1 1 2 1 3 1 5 1 8 1 10 1
48 2 11 1
49 2 1 1 2 2 5 1 8 1 10 1 11 1
50 1 2 2 5 2 7 1 11 2
51 2 4 1 5 2 7 1 8 1 9 1
52 1 6 1
53 3 1 1 2 1 4 1 5 2 8 1 10 1
54 3 2 2 5 1 10 1
55 4 10 2 11 1
56 1 9 1
57 2 1 1 2 1 3 1 5 2 8 1 11 1
58 1 8 2 9 1 10 2
59 2 0 1
60 3 5 2 6 1 8 1
61 0
0 1 2 3
1 5 6 12
2 4 11 28
3 14 17 29
4 16 19
5 21 38
6 7 8 9
7 10 42
8 25 39 46
9 34 38 41
10 15 18 21
11 13 36
12 17 18 26
13 23 32 56
14 35 59
15 20 27 43
16 22 24 36
17 48
18 58
19 26 42 50
20 31
21 39 49
22 30 52 53
23 52
24 44 53
25 37
26 33 37 39
27 32 47
28 38 57
29 37 51
30 47
31 41
32 45
33 40 52 55
34 40 48 54
35 40 43 49
36 50
37 43
38 45
39 54
40 46 56
41 57
42 44 48
43 56
44 47
45 46 50 53
46 58
47 49
48 55
49 51 60
50 60
51 54
52 59
53 59
54 55
55 57
56 60
57 58
58 61
59 61
60 61
61
