92 15 30
0 1 2
1 6 7 8
2 1 9
3 2 4 5
4 6 7 8
5 1 2
6 1 3 4 5 9
7 1 4 5
8 1 2
9 1 2
10 1
11 1
12 1
13 1
14 8
15 1
16 1
17 6 7 8
18 1 9
19 1
20 1 9
21 3 4 5
22 1
23 0 1 2
24 8
25 3 4 5
26 3 4 5
27 8
28 1 6 7 8
29 1
0 0
1 1 1 2 2 1 4 1 13 1 14 1
2 2 5 1 6 1 13 1
3 3 0 1 2 2 7 1 8 2 11 1 14 1
4 2 5 1 9 1
5 2 1 1 2 1 4 2 6 1 7 1 8 1 11 1 12 1
6 3 2 1
7 2 6 1 8 3 11 3 13 1 14 2
8 4 2 1 4 2 7 2 10 1
9 2 1 1 2 2 5 1 8 2 11 1 12 1 13 1 14 1
10 3 2 1 3 1 5 1 6 1 8 2 11 2 12 1
11 1 2 2 8 1 11 2
12 3 3 1 8 1 11 1 14 1
13 1 1 2 8 2 10 1 11 2 13 1
14 3 2 1 4 2 13 1
15 3 1 2 2 1 4 1 5 1 8 1 11 3 13 1
16 4 4 2 5 1 8 3 10 1 13 1 14 1
17 1 2 2 4 1 8 1 14 1
18 4 2 1 3 1 5 2 8 2 13 1 14 1
19 3 11 1
20 1 1 1 2 2 3 1 4 1 8 1 11 1 14 2
21 1 1 1 5 1 10 1 11 4
22 2 1 2 2 2 11 3 14 2
23 2 3 1 13 1
24 2 0 1 11 1 14 1
25 4 3 1 4 2 7 2 13 2
26 4 2 1 8 1 11 1 13 1
27 3 1 2 2 2 5 2 7 1 9 1 11 1 14 1
28 2 2 1 8 1 9 1
29 3 2 1 4 1 6 1 8 2 11 1 13 2 14 1
30 2 8 1
31 5 1 1 2 1 5 1 8 3 9 1 11 1 14 1
32 3 2 2 4 1 5 1 7 1 8 1 11 1 14 1
33 1 1 1 2 1 5 1 7 1 8 1 10 2 12 1
34 2 9 1
35 1 3 1
36 4 5 1
37 2 1 1 2 1
38 3 3 1 5 1 7 1 10 1 11 2 12 1 13 1 14 1
39 1 0 1 2 1
40 1 3 1 8 1 9 1 13 1
41 1 5 1 8 1 9 1 11 1 13 1 14 2
42 3 4 1 8 1 14 2
43 3 4 1 8 1 9 1 10 1 14 1
44 3 4 2 8 1 10 1 13 1 14 1
45 2 11 1 13 1 14 1
46 4 8 1 14 1
47 5 8 1 11 1
48 3 5 1 7 1 8 1 13 1
49 4 5 1
50 3 1 1
51 4 2 1 4 1 8 4 11 1 12 1 13 1 14 1
52 2 3 1 5 2 7 1 10 1 13 1 14 1
53 1 2 1 4 1
54 2 2 1 3 1 4 1 8 2 11 2
55 3 1 1
56 5 1 1 2 1 4 3 8 1 11 2 13 1 14 1
57 3 2 2 3 1 5 1 6 1 9 1 11 1 13 1 14 1
58 2 2 1 11 1 13 1 14 2
59 1 1 1 6 1 10 1
60 4 2 1 5 1 8 1 13 1
61 3 0 1 8 1 11 2 12 1 13 1
62 2 3 1 6 1 11 1 12 1 14 1
63 2 1 1
64 2 1 1 2 2 8 1 11 4 13 1
65 1 5 1 6 1 11 1 13 1
66 4 0 1 2 2 5 1 6 1 8 1 11 2 12 1 14 1
67 3 1 2 2 4 8 1 14 1
68 3 1 1 8 2 10 1 11 1
69 2 8 2
70 2 4 1 7 1
71 1 1 1 2 2 8 2 13 2 14 1
72 2 1 1 5 1 7 1 11 1 14 2
73 2 1 2 2 1 3 1 8 2 13 3
74 1 4 1 6 1 11 1
75 6 2 1 5 1 6 1 7 1 8 1 11 3 14 1
76 4 2 1 4 1 8 1 11 3 13 1 14 2
77 3 2 1 3 1 4 1 8 1 9 1 11 2 14 1
78 3 2 2 3 1 6 1 11 1 13 1 14 1
79 2 1 1
80 2 1 2 2 1 4 1 7 1 8 2 9 1 13 2
81 2 1 1 4 1 9 1
82 4 2 1 5 2 14 1
83 4 2 1 3 1 4 1 7 1 10 1 11 1
84 4 2 1 3 1 5 1
85 2 2 1 5 1 8 3 9 2 11 1 14 1
86 2 3 1 8 1 13 1
87 2 4 1 11 1 13 1
88 1 1 1 8 1
89 5 1 1 2 1
90 4 6 1 9 1
91 0
0 1 2 3
1 5 14 50
2 20 33 52
3 4 6 7
4 25
5 9 67
6 10 24
7 8 11 15
8 28 44 46
9 13 55
10 12 31 32
11 17 27 60
12 16 21
13 29
14 23 25
15 19
16 18 20 57
17 68 74
18 35 75
19 86
20 37 53
21 22 26
22 58
23 56 62
24 64
25 51 74
26 42
27 34 36 38
28 43
29 30 41 82
30 39 84
31 72
32 47
33 62
34 79
35 49 70
36 58
37 58
38 62
39 40 89
40 48 63 77
41 45 53
42 61 71
43 72
44 48 70
45 54
46 66
47 88
48 78
49 50 73
50 56 65 69
51 79
52 85
53 70
54 75
55 59
56 85
57 63 66 76
58 59
59 83
60 87
61 81
62 88
63 80
64 68
65 83
66 88
67 68
68 83
69 77
70 89
71 90
72 75
73 81
74 80
75 76 80
76 86
77 78
78 79
79 81
80 85
81 87
82 84
83 87
84 86
85 90
86 89
87 90
88 91
89 91
90 91
91
