62 9 16
0 3 4 5
1 5
2 2
3 4 5
4 7 8
5 4 5
6 6 7 8
7 1 2 3 4 5
8 1 2 4 5 6 7 8
9 6 7 8
10 0 1 2 7 8
11 3 4 5 6 7 8
12 2
13 3 4 5
14 6 7 8
15 3 4 5
0 0
1 1 2 1 5 1 7 1
2 3 2 1 4 1 5 2
3 3 3 1 4 1
4 1 2 2 5 1 6 1 7 1
5 3 2 1 5 1
6 1 4 1
7 1 2 1
8 2 5 1
9 2 6 1
10 1 6 1 7 2
11 2 5 1 6 1 7 2
12 4 2 1 5 1 7 3
13 1 4 2 6 1
14 3 2 1 4 1 7 1
15 4 4 1
16 2 2 1 6 1 7 1
17 6 3 1 7 1
18 1 6 1
19 2 4 1 5 1 6 2
20 2 3 1 4 1 8 1
21 2 2 1 5 1 6 1 7 1
22 3 2 1 4 1 6 1
23 3 2 1 4 1 5 2 7 1
24 1 2 1
25 1 7 2
26 2 4 1
27 2 1 1 3 1 5 1 6 1 7 1
28 2 5 1 6 3 7 1
29 3 2 2
30 2 5 2
31 2 4 1 6 1 7 1
32 4 2 1 3 1 4 1 6 1 7 1
33 5 2 2 3 1 5 1 7 1
34 2 5 1 6 2 7 1
35 2 3 2 4 1
36 2 2 1 5 1 6 1
37 2 5 1 6 1 7 1
38 2 4 1 5 1
39 3 2 1 3 1 6 1
40 6 2 1 3 1 5 1
41 1 2 1 4 3 7 1
42 1 1 1 7 1
43 4 0 1 3 1 7 2
44 3 2 2 3 1 4 1 5 1
45 2 4 1 5 2 6 1
46 3 2 1 4 1 5 2
47 2 5 1 6 1 7 1
48 3 7 2
49 2 5 1
50 2 3 1 4 1 7 1
51 2 3 1
52 5 4 1 5 1 6 1
53 3 5 1 6 1
54 3 2 1 5 2 7 1
55 4 2 2 5 1
56 2 2 1 3 1 6 1 7 2
57 1 7 1
58 1 6 1
59 3 2 2 5 1 7 1
60 3 6 1 7 1
61 0
0 1 2 3
1 7 13 29
2 4 6 13
3 18 27 43
4 5 19
5 12 14 42
6 8 10 21
7 11 49 52
8 9 19 22
9 31 32
10 22 28 29
11 22 38 50
12 16 17 23
13 15 21 24
14 20 30 36
15 19 53 58
16 20 33 35
17 29 34
18 26 34
19 60
20 21 54
21 26 27 41
22 25 37 59
23 24 31 40
24 30 44 45
25 42
26 37 58
27 47
28 31 46 49
29 32 36 49
30 39 41 48
31 35 36 47
32 35 40 41
33 45 46 52
34 40
35 37 44 45
36 39 43 51
37 39
38 42 43
39 57
40 48 52
41 46 47 53
42 51
43 44 54 56
44 55
45 48 56
46 60
47 56
48 50
49 50
50 51 53 58
51 54
52 59
53 55 59
54 55
55 57
56 57
57 60
58 61
59 61
60 61
61
