62 9 12
0 8
1 0 1 2
2 3 4 5 6 7 8
3 1 2
4 3 4 5
5 4 5
6 2 3 4 5
7 6 7 8
8 3 4 5
9 2 5
10 6 7 8
11 2
0 0
1 1 1 1 2 1 5 1 7 1
2 3 1 1 3 1 5 1 8 1
3 2 2 1 3 1 4 1
4 3 4 1
5 3 3 1 7 1
6 1 2 1 5 1 6 2
7 1 2 1
8 2 5 1 6 1
9 2 2 1 4 1 7 1
10 3 3 1
11 2 2 1 3 1 7 1
12 2 5 1
13 1 2 1 8 1
14 3 3 1 4 1 6 1
15 3 2 2 3 1 8 1
16 2 5 1 8 1
17 3 4 2
18 3 1 1 3 1 4 1
19 2 2 1 3 1 5 1 6 1
20 2 4 1 8 1
21 4 1 1 4 2
22 2 2 1 8 1
23 1 1 1 5 1 6 1 8 1
24 2 2 1 3 1 5 1 6 1
25 2 1 1 5 1 6 1 7 1
26 3 2 1 4 1
27 2 2 1
28 4 0 1 4 1 5 1 6 1
29 3 4 2 6 2
30 1 5 1
31 2 3 1 4 1
32 1 1 1 3 2
33 3 3 1
34 1 2 2 4 1 5 1
35 1 2 1 3 1 8 1
36 2 2 1 5 1
37 3 7 1 8 1
38 1 6 1 8 1
39 4 3 1
40 3 0 1 5 1 8 1
41 4 2 1 6 1 7 1
42 1 5 1 7 1 8 1
43 1 0 1 2 2
44 4 4 2 8 1
45 3 2 1
46 2 6 1
47 1 2 3 7 1
48 2 2 1
49 2 5 2 7 2
50 2 3 1
51 4 2 1 5 1 8 1
52 2 1 1
53 3 1 1 5 2 7 1
54 2 4 1 5 1 7 1
55 4 5 2 7 1 8 1
56 3 4 1 7 1
57 2 2 1 4 1 6 1 8 1
58 2 2 2
59 2 3 1
60 1 2 2 3 1 7 1
61 0
0 1 2 3
1 8 13 17
2 4 5 6
3 7 10 19
4 9 26 57
5 14 15 20
6 32 44
7 36 47
8 12 25 43
9 11 27 35
10 41 56
11 23 28 29
12 24 26 32
13 18 22 36
14 16 53
15 21 30 38
16 39 40 42
17 47
18 26 34 49
19 25 41
20 46
21 36 46
22 60
23 30 32
24 34 48 52
25 49
26 37 50
27 48
28 38
29 31 45
30 40 51
31 33
32 38
33 46
34 35
35 59
36 51
37 40 42 53
38 39 45
39 47 50 51
40 54
41 49 50 57
42 45 54 55
43 44 57
44 53 54
45 58
46 55
47 58
48 55
49 52
50 58
51 52
52 59
53 60
54 56
55 56
56 59
57 60
58 61
59 61
60 61
61
