32 9 15
0 2
1 2
2 4 5
3 6 7 8
4 5
5 2
6 3 4 5 8
7 6 7 8
8 0 1 2 6 7 8
9 3 4 5
10 7 8
11 6 7 8
12 3 4 5 6 7 8
13 3 4 5
14 6 7 8
0 0
1 2 1 1 2 1
2 2 2 1 3 1 6 1
3 1 2 1 6 1
4 1 5 1 6 2 8 1
5 3 0 1 5 1
6 3 2 1 7 1
7 1 2 1
8 1 2 2
9 2 2 1 4 1 5 1 7 2
10 3 2 1 4 1 5 1 7 2
11 2 3 1 5 1
12 2 5 1 6 1
13 2 2 1
14 2 4 1 5 1 6 1 7 1
15 4 2 1 7 2
16 3 2 1 4 1 6 1
17 3 2 1
18 2 2 1 3 1 6 1 7 1
19 4 3 1 7 1
20 1 5 1
21 3 6 1 7 1
22 2 6 1
23 3 5 1 7 1
24 3 2 1 6 2 7 1
25 1 3 1 5 1
26 2 3 1 6 1
27 2 2 1 4 2
28 1 2 1 4 1 7 2
29 2 5 1 6 1 7 1
30 2 2 1 3 1 4 1 5 1
31 0
0 1 2 3
1 4 7 9
2 14
3 9 13
4 5 15
5 6
6 8 10 11
7 17 22
8 17 26 28
9 25 28 29
10 12 20 25
11 18 21 24
12 16 22 27
13 14 20
14 15 18
15 16
16 21
17 19 24
18 19 22 26
19 27
20 23 30
21 23
22 23 30
23 28 29
24 25
25 27
26 29
27 30
28 31
29 31
30 31
31
