62 15 21
0 1
1 1
2 3 4 5
3 1
4 1 9
5 4 5
6 1 9
7 5
8 1 9
9 2
10 6 7 8
11 1
12 1 2
13 0 1 2 5
14 6 7 8
15 2
16 1
17 1
18 1
19 1
20 2
0 0
1 1 1 1 4 1 9 1 11 1
2 4 4 1 11 1 13 1
3 1 1 1 5 1 11 1 12 1 13 1 14 1
4 2 3 1 10 1 13 1
5 2 2 1 5 1 11 1 13 1
6 1 12 1 13 1
7 1 13 1
8 2 6 1 7 1 13 2
9 4 2 1 9 2 11 1 13 1
10 1 2 1 9 1 12 1 13 2
11 2 2 1 9 1
12 1 2 1 5 1
13 1 0 1 7 1 10 2 13 1
14 1 1 1
15 2 3 1 6 1 9 1 10 1 11 2
16 1 1 1 2 1 5 1 12 2 13 2
17 1 1 1 5 1 11 1 13 1 14 1
18 3 2 1 5 1 8 1 12 1 13 1
19 2 2 1 5 2 11 1
20 1 5 1 9 1 11 1 13 2
21 1 4 1
22 1 2 1
23 2 2 1 3 1 4 1 5 1 7 1 10 1 14 1
24 3 1 1 4 1 8 1 12 1 13 1 14 1
25 4 2 1 5 1 13 1
26 3 11 1
27 2 2 2 6 1 11 1 13 2 14 1
28 3 4 1 5 2 6 1 10 1 13 1 14 1
29 2 2 1 4 1 11 1 12 1
30 3 1 1 2 2 6 1 8 1 12 1
31 2 2 2 9 1 11 1 13 1 14 1
32 2 12 1
33 2 2 1 9 1
34 2 13 1
35 2 5 1 6 1
36 2 2 1 5 1 7 1 10 1 11 1 12 1 13 1
37 4 0 1 3 1 8 1 12 1 13 1
38 3 2 1 6 1 12 1 13 1 14 1
39 4 2 1 5 1 9 1 13 2
40 1 2 1 5 1 10 2 12 2
41 2 2 1 10 1 12 1 13 1
42 2 2 1 5 2 6 1 11 1 12 2
43 2 1 1 2 1 5 1 7 1 12 1
44 3 1 1 2 1
45 3 11 1
46 2 2 1 6 1 7 1 12 2
47 4 1 1 5 1 6 1 9 1 14 1
48 1 5 2
49 2 2 1 11 1
50 3 5 1 6 1 9 1 11 1 13 2
51 3 2 1 4 1 8 1 10 2 11 1 14 1
52 1 2 1 13 1
53 1 2 1 5 1 6 1 11 2 12 1 13 1
54 2 13 1
55 2 2 1 5 1 11 3 13 1
56 2 4 1 11 1 13 2
57 2 4 1 11 2 12 1
58 3 2 1 5 2 13 2
59 2 2 1 4 1 8 1 11 1
60 1 10 1
61 0
0 1 2 3
1 4 9 19
2 6 7 8
3 5 17 22
4 16 23 32
5 10 27
6 25 38 40
7 14 17 55
8 15 39 40
9 30
10 11 12 18
11 13 31 36
12 21
13 43 47 48
14 23 32 36
15 41
16 26 58
17 33 56
18 20 28 50
19 24 38
20 40 42
21 25 29
22 36 52
23 43 44
24 30 32 37
25 33
26 52 54
27 29 38
28 43
29 31 48
30 31 42
31 33 50
32 34 35 59
33 54
34 45
35 53
36 37
37 57
38 42 60
39 51 54
40 48
41 44
42 45 47 55
43 56 57
44 50 53
45 46
46 49
47 58
48 51 52
49 58
50 51
51 60
52 53 55
53 56
54 59
55 57
56 60
57 59
58 61
59 61
60 61
61
