62 15 13
0 6 7 8
1 1 2
2 2 6 7 8
3 1 3 4 5
4 2
5 0 1 2
6 7 8
7 1 2
8 1 2 9
9 6 7 8
10 7 8
11 1 5
12 1
0 0
1 2 1 1 2 1 7 1
2 1 13 1
3 3 1 1 7 1 8 1 13 1
4 3 2 2 6 1
5 4 2 1 6 1
6 2 7 1 8 1 12 1 13 1
7 2 5 1
8 3 3 1
9 2 2 2
10 3 1 2 13 1
11 4 6 1
12 5 2 1 9 1
13 2 2 1 5 1
14 2 0 1 8 1 12 1 13 1
15 1 5 1 13 1
16 1 2 2 8 1 12 1
17 3 2 1
18 1 7 1
19 1 2 1 7 1 8 2
20 3 2 1 10 1 13 1
21 1 1 1 6 1 8 2
22 2 2 1 7 2 13 1
23 3 7 1 8 1
24 2 6 1 11 1
25 2 1 1 6 2 7 1
26 1 7 2 13 1
27 2 7 1 8 1
28 3 7 2 8 1
29 3 2 1 7 1 10 1
30 4 2 1 7 1 8 1
31 3 2 1
32 2 2 1 7 1 14 1
33 2 2 2
34 3 2 2 6 1 8 1
35 2 1 1 7 1
36 2 1 1 11 1
37 1 1 1 8 1 12 1
38 5 7 1
39 1 7 1
40 1 8 2 12 1
41 2 0 1 2 1 8 1 12 1
42 3 5 1
43 2 6 1
44 3 1 1 3 1 7 1
45 3 2 1 8 1 11 2
46 4 2 1 10 1 12 1
47 1 6 1 8 1
48 2 1 1 2 1 8 1
49 3 1 1 2 1 11 1
50 1 4 1 7 3
51 3 2 2 6 1 8 1
52 1 2 1 7 2 13 1
53 4 13 1
54 1 0 1 3 1
55 2 8 1
56 2 3 1 8 1
57 3 1 1 2 1 7 1
58 2 0 1 1 1 8 1
59 4 1 1 8 1
60 4 2 1
61 0
0 1 2 3
1 4 5
2 13 14 41
3 6 30
4 7 8 9
5 10 23 36
6 13
7 11 22 32
8 37
9 18 42
10 48 49
11 12 21
12 17 35
13 15 16 20
14 40
15 50
16 53
17 29 46
18 19 25 28
19 38
20 50 54
21 33 60
22 27
23 24 26 35
24 54
25 34 52 59
26 30
27 28 33
28 44
29 31
30 42
31 44
32 55
33 45
34 39 43
35 37 38
36 46
37 56
38 40
39 45
40 51
41 53
42 46
43 51
44 47 50
45 55
46 58
47 53
48 56
49 57
50 51 52
51 56
52 57
53 55
54 57
55 58
56 60
57 58
58 61
59 61
60 61
61
