62 15 14
0 0 1 2 3 4 5 9
1 1
2 3 4 5
3 1
4 6 7 8
5 3 4 5
6 1 2 9
7 4 5
8 8
9 1 7 8
10 8
11 1 2
12 1 7 8
13 8
0 0
1 1 4 1 11 1
2 1 4 1 5 1 11 2
3 4 4 1 7 1 10 1
4 3 4 1 8 1 10 2
5 1 2 1
6 2 7 1 11 1 13 1 14 1
7 2 4 1
8 2 10 1
9 1 8 1
10 3 4 1 7 1 8 1 11 1
11 3 4 1 8 1 11 1
12 2 8 1 9 1
13 2 2 1 4 1 8 1 11 1
14 3 4 2 8 1 12 1
15 2 0 1 8 1 11 1
16 3 7 1
17 1 8 1
18 2 8 1 11 1
19 4 8 1 11 1
20 2 13 1
21 2 5 1 8 2 11 1
22 3 2 1 3 1 8 1
23 4 6 1 8 1 10 1
24 1 8 1 13 1
25 3 2 1 4 1
26 3 1 1 4 1 13 1
27 2 2 1 13 1
28 2 5 1 9 1 10 1 13 1
29 5 11 1
30 2 11 1
31 2 0 1 4 1 5 1
32 2 10 1 11 1
33 2 1 1 8 2 11 1
34 1 0 1 1 1 7 1 8 1
35 3 9 1 11 2
36 3 2 1
37 2 2 1 8 1
38 3 4 1
39 2 2 1 3 1 11 2
40 3 8 1
41 4 3 1 4 1 10 2
42 1 8 2 11 1 13 1
43 1 3 1 8 2 11 1
44 3 1 1 3 1 7 1 10 1
45 3 4 1 9 1
46 2 5 1 10 1
47 4 3 1 6 1 9 1 13 1
48 2 8 1 11 1
49 1 7 1 11 1 13 1
50 1 8 1
51 3 3 1 4 1 8 1 11 1
52 1 2 1 3 1 11 1
53 3 3 1 4 1 7 1 8 1
54 2 3 1
55 2 2 1 7 1
56 2 2 1 3 1 11 1
57 2 3 1 4 1 8 1 12 1
58 1 2 1
59 1 5 1 11 1
60 2 5 1 9 1 10 1
61 0
0 1 2 3
1 11 15 19
2 6 56
3 4 5 16
4 8 10 14
5 17
6 7 9 52
7 13 22 43
8 18 30
9 12 16 26
10 20
11 28
12 21 60
13 24 35
14 23 36 38
15 37
16 18 42 58
17 41 51
18 59
19 43 60
20 25 32 46
21 22 27 45
22 28 42 55
23 44
24 27 44
25 29 31 44
26 34
27 34
28 39
29 33 49
30 33 40
31 33 38
32 50 54
33 43 50 56
34 37 41
35 40
36 46 50 55
37 39 42
38 47 55 56
39 48 57
40 45 47
41 48
42 51
43 53
44 47 48
45 46 53
46 51
47 49
48 49 53
49 54
50 52
51 57
52 59
53 54
54 58
55 57 58
56 60
57 59
58 61
59 61
60 61
61
