62 12 11
0 1 4 5 9
1 8
2 1 5
3 1 3 4 5 9
4 1 2
5 0 1 2 6 7 8
6 3 4 5
7 1 4 5 9
8 2
9 1 3 4 5 9
10 1
0 0
1 3 1 1 4 1
2 2 3 1 8 1
3 4 2 1 5 1 9 1
4 3 2 2
5 1 0 1
6 1 3 1 4 1 10 1
7 1 2 1 3 1 4 1
8 1 5 1 6 1 8 1
9 2 5 1
10 2 3 1 6 1
11 4 2 2
12 3 4 1 10 2
13 3 8 1 10 1
14 7 10 1
15 3 1 1 4 1
16 2 2 1 4 1 5 1
17 5 1 1 2 1 8 1
18 2 5 1 8 1 9 1
19 5 5 1 8 1
20 2 2 1 5 1
21 1 5 1 10 1
22 2 2 1 4 1 5 1
23 2 9 1
24 4 9 1 11 1
25 2 3 1 8 1
26 2 4 1 8 1 10 1
27 2 8 1
28 3 2 1 5 1 10 1
29 2 5 1
30 1 0 1 2 1
31 2 4 1 5 2
32 3 1 1 2 1
33 3 8 1
34 2 1 1 3 1 5 1
35 5 2 1 5 1
36 2 2 1 3 1
37 2 0 1 1 1
38 1 5 2 8 1
39 2 4 1 7 1
40 3 3 1 8 1
41 3 5 1 10 1
42 1 5 1 6 1
43 5 8 1
44 1 2 1
45 2 7 1 10 1
46 4 5 1 9 2
47 1 9 1
48 4 3 1
49 2 1 1 10 1
50 2 4 1 10 1
51 3 5 1
52 1 1 1 4 1
53 3 1 1 8 1 10 1
54 3 3 1
55 4 8 1
56 4 5 2
57 2 10 1
58 2 2 1
59 2 3 1 5 1 7 1
60 3 1 1 2 1 4 1
61 0
0 1 2 3
1 4 6 14
2 5 9 43
3 13 22 51
4 24 40 44
5 7 8 10
6 18 19 25
7 11 32 38
8 39 42 49
9 12 16 45
10 11 16 25
11 15 31 33
12 20 37 53
13 17 20
14 15 16
15 42
16 21 22 31
17 29 43 50
18 55
19 27 30 55
20 34 35 39
21 23 26 50
22 27 29 35
23 30 35
24 29 32 46
25 28 31
26 27 36 41
27 37 40 42
28 32 46 48
29 52 56
30 34 37 38
31 44 52
32 33 51
33 34 45 55
34 36 47
35 36 41 52
36 58
37 44 48
38 39 47 51
39 40 41
40 58
41 48 54
42 46 58
43 56
44 49
45 49 50 54
46 47 59
47 54
48 59
49 60
50 53
51 53 56
52 57
53 57
54 57
55 60
56 59
57 60
58 61
59 61
60 61
61
