62 9 13
0 4 5
1 4 5
2 3 4 5
3 1 2 5 8
4 1 2
5 0 1 2 6 7 8
6 6 7 8
7 3 4 5
8 3 4 5
9 8
10 2 4 5
11 8
12 1 2
0 0
1 2 3 1 5 1 8 1
2 2 1 1 3 1 5 1 8 1
3 1 5 1
4 2 8 1
5 1 8 1
6 2 4 1 5 1 6 1
7 2 4 1 6 1 8 1
8 2 5 1
9 2 4 1 5 2 7 1
10 4 1 2 4 1 8 1
11 4 6 1
12 4 5 1
13 5 2 1 7 1
14 5 1 1 4 2 8 1
15 7 2 1 3 1 5 1
16 4 2 1 8 1
17 3 3 1 6 1 8 1
18 3 3 1 4 1 6 1
19 1 8 1
20 3 1 1 3 1 5 1
21 2 1 1
22 3 5 1
23 3 4 2
24 3 5 2 8 1
25 2 4 1 5 1 8 1
26 2 4 1 5 1
27 2 2 1 4 1 6 1
28 1 7 1
29 3 7 1
30 5 1 1 4 1
31 3 3 1 5 1 8 1
32 4 3 1 4 1 5 1 6 1
33 3 4 1 5 1 8 1
34 2 5 1 6 1 8 1
35 2 1 1 4 2 8 1
36 3 5 1
37 3 5 1
38 3 1 1 3 1 4 1 6 1
39 1 2 1 5 1 8 1
40 4 2 1 3 1 4 2
41 3 3 1 5 3
42 2 1 1 7 1
43 2 5 2 7 1
44 1 6 1 8 1
45 6 2 1 4 1 6 1 7 1
46 3 0 1
47 3 5 1
48 3 1 1 3 1 4 1 8 1
49 4 2 1 8 1
50 1 4 1
51 2 4 1 5 1 7 1
52 3 3 1 5 2
53 2 4 1 5 1 8 1
54 2 5 1 8 2
55 5 4 1 5 1 8 2
56 3 4 2 6 1 8 1
57 2 3 2
58 2 5 1 8 1
59 5 6 1
60 3 2 1 4 1 5 1 6 1
61 0
0 1 2 3
1 5 6 10
2 43
3 4 8 20
4 9 11 13
5 7 14 57
6 25 46
7 55
8 17 32
9 15 50
10 47
11 12 45
12 16 18 19
13 14 24 31
14 22
15 41
16 46
17 21 34 37
18 39
19 22
20 28 29
21 36
22 23 35
23 30 59
24 49
25 26
26 27 30
27 41
28 44
29 52
30 33 38
31 40
32 49 54
33 51
34 40
35 36 58
36 38
37 48
38 60
39 44 48 55
40 51 53
41 42
42 49
43 47 51
44 52
45 55
46 56
47 60
48 57
49 53
50 53
51 58
52 56
53 56 58
54 59
55 60
56 57
57 59
58 61
59 61
60 61
61
