32 12 18
0 1
1 1
2 6 7 8
3 1 6 7 8
4 1
5 2 3 4 5
6 1 2 9
7 2
8 6 7 8
9 6 7 8
10 1
11 6 7 8
12 0 1 2 8
13 1
14 5
15 1 4 5
16 1 2
17 1
0 0
1 2 2 1 7 1 8 2 10 1 11 1
2 1 2 3 4 1 8 1
3 2 2 1 6 1 8 1 10 2
4 5 5 2 6 1 8 1 10 2
5 1 1 1 2 1 5 1 8 2 10 1
6 3 2 1 6 1 10 2
7 1 6 1
8 2 2 1 5 1 7 1 8 1 11 1
9 2 0 1 10 2 11 2
10 4 1 1 8 1 11 1
11 1 1 1 5 2 7 1 10 1
12 1 4 1 7 1 8 1 10 2
13 2 2 1 5 1 6 1 7 1 10 1 11 1
14 3 1 2 3 1 5 2 7 1
15 4 1 1 6 2 10 1 11 1
16 2 1 1 2 1 5 1 7 2 10 1
17 1 8 1
18 3 1 1 2 2 10 1
19 3 7 1
20 4 5 1 6 1
21 3 4 1 5 1 8 1 10 1 11 1
22 4 2 1 5 2 8 1 9 1 11 1
23 2 2 1 6 3 8 1
24 4 7 1 8 1 10 1 11 1
25 4 5 1 8 1 10 2
26 1 1 1 6 1 8 1 10 1
27 5 10 1
28 2 1 1 10 1
29 3 7 1 11 1
30 1 2 1 5 1 6 1 8 2 11 1
31 0
0 1 2 3
1 5 9 14
2 5 6 11
3 4 12 22
4 21 24 27
5 7 10 13
6 8 14 16
7 15 16 29
8 9 15 17
9 12 18 25
10 12 17 20
11 15 19 20
12 23 26
13 18 19 24
14 19 22 26
15 18 24 27
16 17 25 30
17 27
18 30
19 21 23 28
20 21 22
21 29
22 23 25
23 29
24 26
25 28
26 30
27 28
28 31
29 31
30 31
31
