62 12 19
0 1
1 1
2 2
3 4 5
4 7 8
5 3 4 5
6 0 1 2 6 7 8
7 3 4 5
8 3 4 5
9 1 3 4 5 8 9
10 1
11 1 9
12 1 6 7 8
13 1
14 7 8
15 6 7 8
16 4 5
17 3 4 5
18 1 2
0 0
1 2 5 1 11 2
2 3 3 1
3 7 3 1 4 1 11 1
4 2 1 1 2 1 5 1 7 1 8 1 11 1
5 3 3 1 4 1 5 2 8 1 11 1
6 4 10 1
7 2 8 1
8 1 3 1 5 1 7 1 9 1 11 2
9 5 4 1 5 1 6 1
10 3 0 1 10 1 11 1
11 2 5 1 7 1 9 1 11 1
12 4 5 1
13 3 4 1 8 1
14 4 1 1 2 1 4 1
15 1 5 2 6 1
16 3 1 1 2 1 7 2 11 1
17 3 7 2 8 1 9 1 11 1
18 4 2 1 3 2 7 2 10 1
19 2 3 1 6 1 8 1
20 1 2 1 10 2
21 3 2 1
22 4 2 1 3 1 5 1 11 1
23 3 0 1 5 1 6 1 7 1 10 1
24 3 5 2 7 1 8 1 10 1 11 1
25 3 2 1 5 1 11 2
26 2 4 1 7 1 11 1
27 3 7 1 10 1 11 1
28 5 5 1 7 1 8 1 10 1 11 1
29 4 2 1 6 1 8 1 11 2
30 4 3 2
31 1 2 1 3 1 4 1 5 1 7 2
32 4 0 1 2 1 3 1 5 2 10 1
33 4 8 2
34 1 2 1 4 1 8 1 11 1
35 1 2 1 3 1 4 1 5 1 10 1 11 1
36 2 4 1
37 1 5 1 7 1 8 1
38 2 2 1 6 1 10 1
39 4 2 1 5 2 7 1 10 1
40 2 10 1 11 2
41 3 3 1 7 2 8 1 10 2
42 1 2 1 6 1
43 3 3 1
44 1 4 1 9 1 11 1
45 2 3 1 4 1 9 1 10 1
46 3 4 1 7 1 9 1
47 2 3 1 5 1 10 2 11 1
48 5 7 1 8 1
49 1 3 1 7 1 8 1 11 1
50 3 3 1 11 1
51 3 4 1
52 3 4 1 11 1
53 6 4 1 8 1 10 2
54 3 2 1 8 1 10 1 11 1
55 5 2 1 7 1 8 2 10 1
56 1 2 1 4 1 10 2 11 1
57 2 5 1
58 3 2 1 6 1 7 1 10 2 11 1
59 2 2 1 7 1 10 1 11 1
60 7 4 1 10 1
61 0
0 1 2 3
1 7 9 12
2 6 8 13
3 4 5 8
4 9 36
5 11 12 20
6 9 14 27
7 13 23
8 23 42 52
9 10 15 29
10 16 32 56
11 18 24 32
12 19 21
13 14 17 24
14 29 51
15 18 26 33
16 39 47 55
17 22 36 37
18 25 37
19 28 33 37
20 26 43
21 22 31
22 42 49 50
23 26 29
24 38 40
25 35 55
26 30 41
27 41 46 50
28 34 44
29 38 46 58
30 38
31 34 40 42
32 40 45
33 35 44 45
34 35 36
35 39 48 53
36 46 49
37 39 41 47
38 45 59
39 54
40 43 47
41 51 56
42 53
43 44 55
44 48 50
45 60
46 53
47 48 51 52
48 49 60
49 57
50 52
51 54 58
52 54 57
53 56 60
54 59
55 57
56 59
57 58
58 61
59 61
60 61
61
