32 9 7
0 4 5 6 7 8
1 5 7 8
2 8
3 3 4 5
4 5 7 8
5 0 1 2 6 7 8
6 6 7 8
0 0
1 3 8 1
2 1 4 1 5 1
3 1 0 1
4 1 7 1 8 1
5 3 7 1
6 1 6 1 7 1
7 1 5 1
8 3 2 1 4 1
9 2 3 1 4 1
10 1 1 1 5 1
11 3 5 1
12 3 5 1 7 1
13 1 4 1 5 1
14 2 3 1 6 1
15 2 5 1
16 2 1 1 8 1
17 2 5 1 8 1
18 2 2 1
19 1 8 1
20 5 4 1 5 1
21 3 8 1
22 2 2 1
23 2 3 1 5 1
24 1 5 1 7 1
25 4 7 1 8 1
26 2 5 1
27 1 7 1
28 5 5 1
29 2 7 1
30 2 6 1 8 1
31 0
0 1 2 3
1 5 6 8
2 7 9 12
3 4 5
4 6 8 29
5 16 27
6 13 17 18
7 24
8 10 11
9 10 11
10 15 23
11 25
12 19
13 14 15
14 20 21
15 19 20 24
16 18 20 29
17 19 21 23
18 25
19 27
20 28 30
21 22 25
22 26
23 24 27
24 26
25 26
26 28 30
27 30
28 31
29 31
30 31
31
