92 12 24
0 2
1 7 8
2 8
3 1 2
4 0 1 2
5 7 8
6 8
7 4 5
8 1 3 4 5
9 1 2 3 4 5
10 5
11 6 7 8
12 1 3 4 5 9
13 3 4 5
14 4 5
15 6 7 8
16 1 9
17 3 4 5
18 8
19 8
20 1 9
21 8
22 1
23 1
0 0
1 5 0 1 4 1
2 2 3 1 5 1 8 1 10 1
3 4 2 1 8 1 9 1 10 1
4 4 5 1 8 2 10 1
5 2 2 1 4 1 5 1 6 1 8 3 10 1
6 1 1 1 2 2 4 1 5 1 7 2 8 1
7 3 8 1
8 2 2 1 5 2 7 1 8 2
9 2 2 1 4 2 8 1
10 2 4 1 5 1 8 3
11 3 8 1
12 2 2 1 3 1 4 1 5 1 8 1 10 1
13 4 7 1 8 1
14 6 2 1 3 1
15 2 1 1 5 1 8 1
16 4 5 1
17 2 3 2 4 1 5 1 8 1
18 5 2 1 5 3 8 1 10 2
19 3 3 1 6 1
20 3 7 1 8 1
21 1 1 1 5 1 8 4 10 2
22 3 2 1 3 2 7 2 8 1 10 1
23 1 4 1 5 2 6 1 8 1 10 1
24 2 8 1
25 1 4 2 8 1 9 2 10 2
26 1 9 1
27 3 2 2 7 1 8 2 9 1 10 1
28 2 6 1
29 2 4 1
30 4 8 3
31 5 0 1 4 1 6 1 8 2 9 1
32 2 2 1 6 1 8 2
33 4 2 1 7 1 8 3 9 1
34 3 1 1 4 1 5 2 8 2
35 2 3 1 4 1 7 1 10 1
36 4 2 1 4 1 5 1 8 1 10 1
37 4 1 1 2 1 5 2 8 1 10 3
38 2 3 1 5 1 6 1 7 1 8 2 10 1
39 4 2 1 4 1
40 2 3 1 5 2 6 1 8 1 9 1 10 2
41 5 2 1
42 1 2 1 4 1 5 2 8 2 10 2
43 3 4 1 8 1
44 1 1 1 4 1 5 1 8 2 9 1
45 1 8 1
46 4 2 1 8 3
47 5 5 1 10 2
48 3 7 1 8 3 9 1 10 1
49 2 4 1 5 1 8 1
50 4 5 1 11 1
51 4 1 1 2 1 4 1 5 1 8 1 9 1 10 1
52 3 2 1 4 2 10 1
53 3 5 1 8 2 10 1
54 4 2 1 6 1
55 2 6 2 8 2 10 1
56 3 8 2 10 1
57 3 4 1 8 1 10 1
58 2 4 1 5 1 7 1 8 2 10 1
59 4 3 1 4 1 5 1 8 2 9 1 10 1
60 3 2 1 4 1 7 1 8 2
61 2 2 2 3 1 8 1 10 2
62 2 8 1
63 1 2 1 7 1 8 2
64 3 2 1 4 1 5 2 8 1
65 3 2 1 8 1 10 2
66 2 2 1 5 1 8 2
67 1 2 1 4 1 5 2 7 2 9 1
68 1 0 1 4 1
69 4 8 2
70 4 2 1 5 1 10 1
71 3 4 3 5 1 7 1 8 3
72 1 2 1 10 2
73 3 2 1 4 1 7 1 8 2
74 1 2 1 4 3 5 1 8 2
75 1 4 2 10 1
76 4 4 1 5 2 8 1 9 1 10 2
77 3 6 1 7 2
78 2 9 1
79 2 8 1
80 2 7 1 8 2
81 3 10 1
82 5 2 1 3 1 10 1
83 1 2 1 7 1 8 1 9 2
84 2 0 1 2 1 3 1 4 1 5 1 8 2
85 3 8 2
86 2 2 1 5 1 7 1 8 1 9 1 10 1
87 1 3 1 4 1 8 3 10 1
88 1 10 1
89 2 4 1 5 1 8 2 9 1
90 2 3 1 5 3 7 1 8 1 9 1 10 1
91 0
0 1 2 3
1 4 6 18
2 5 9 11
3 10 15 26
4 8 12 48
5 13 16 87
6 7 33 53
7 20 34 73
8 23 26 30
9 52 53 80
10 14 37 72
11 37 45
12 20 30 85
13 44 46 59
14 17 18 50
15 19 50 63
16 31 46 64
17 21 22 40
18 47 60 90
19 25 37 43
20 24 32 42
21 29 36 44
22 34 45 54
23 28 39 42
24 27 31 78
25 35 49 83
26 66
27 39 55
28 72 86
29 32 48 74
30 42 84
31 68
32 77
33 44 52 69
34 41 57 75
35 51 56 61
36 43 73
37 38 62 71
38 41 52 57
39 63 67
40 41 47 78
41 49 51 67
42 65
43 59 66
44 57 65 70
45 58 59 63
46 51 71 72
47 53 62 77
48 49 62 75
49 81
50 54 56 65
51 58
52 55 67 78
53 81 87
54 55 60 61
55 68 70
56 60 70 74
57 58 82
58 66
59 64 76 83
60 64 69
61 68 73
62 69 89
63 80
64 71 81
65 88
66 76
67 74
68 75 84
69 79
70 79
71 82
72 85
73 76
74 77 79
75 90
76 80
77 87
78 83
79 84
80 86
81 82
82 85
83 86
84 88
85 88
86 89 90
87 89
88 91
89 91
90 91
91
