32 9 9
0 5
1 2 3 4 5
2 0 1 2 3 4 5 6 7 8
3 2
4 3 4 5
5 3 4 5
6 7 8
7 3 4 5 7 8
8 8
0 0
1 3 2 1 3 1 5 1
2 2 3 1
3 1 5 1
4 3 4 1 7 1
5 1 2 1 4 1
6 5 2 1 5 2
7 5 2 1 7 1 8 1
8 2 3 1 5 1
9 3 1 1 4 1 5 1
10 1 5 2 7 1
11 3 2 1 3 1 7 1
12 1 3 1
13 2 2 1 4 1
14 1 2 1
15 2 0 1 5 1
16 2 4 3
17 2 2 1 5 1
18 3 2 1
19 3 2 1 6 1
20 3 5 2
21 2 4 1
22 2 2 1 5 1 7 1
23 2 7 1
24 2 3 1 7 2
25 1 4 1 7 1
26 1 7 1
27 1 4 1
28 3 2 1 5 1 7 1
29 1 2 1 5 1
30 2 5 1 7 1
31 0
0 1 2 3
1 4
2 10
3 6 7 15
4 5
5 18
6 8 23 27
7 21 24
8 9 11 13
9 12 14 16
10 17 28 30
11 16
12 20 24
13 19 25
14 28
15 21
16 18
17 22 26
18 20 29
19 20
20 21
21 28
22 29
23 26
24 26
25 30
26 29
27 30
28 31
29 31
30 31
31
