62 15 14
0 3 4 5
1 0 1 2
2 3 4 5 6 7 8
3 4 5
4 1 2 9
5 1 2 9
6 1 9
7 2 3 4 5
8 1
9 1 3 4 5
10 1 9
11 5
12 1 8 9
13 6 7 8
0 0
1 3 2 1 5 1
2 1 4 2 9 1 10 1
3 1 2 2 5 1 10 1
4 2 6 1 11 1
5 3 4 1 10 1 11 2
6 3 0 1 3 1 4 1 10 1
7 4 2 1 11 1
8 1 2 1 5 1 11 2
9 4 13 1
10 2 5 2 12 1
11 3 2 2 3 1 5 1
12 4 5 1 9 1
13 1 0 1 9 1
14 2 5 2 8 1 12 1
15 1 3 1 4 1 11 1
16 1 0 1 4 1 5 1
17 3 4 1 5 1
18 2 6 1 10 1 11 1
19 1 9 1
20 1 4 1 7 1 10 1
21 3 0 1 4 1 10 1
22 3 10 1
23 3 0 1 2 1 5 1
24 1 1 1 4 1 5 1
25 2 5 1 10 1 11 1 13 1
26 2 10 1 11 1
27 3 2 1 3 1 5 2
28 3 0 1 4 1 11 1
29 3 0 1 10 1 11 2
30 2 3 1
31 3 5 1 10 1 11 1
32 2 5 1 8 1 11 1
33 3 10 1 11 1 12 1
34 1 3 1 9 1 10 1 11 1
35 2 3 1 5 1
36 2 4 1 5 1
37 3 9 1
38 1 4 1 8 1 11 1
39 2 1 1 5 1 9 1 11 1
40 3 5 2
41 3 9 1
42 1 4 1 11 1
43 1 5 1 10 1 11 1
44 1 10 1 11 1
45 4 10 1
46 2 0 1 5 2 9 1
47 2 2 1
48 2 5 1
49 1 2 1 4 1 5 1
50 1 4 2 11 2
51 2 3 1 7 1 9 1 11 1 14 1
52 2 5 2 9 1 10 1
53 2 3 1 4 1 10 1 11 1
54 1 5 1 9 1
55 1 4 1 9 2 10 1
56 2 2 1 9 1 10 1
57 2 5 1 9 1 11 1 12 1
58 5 5 2 10 1
59 2 2 2 5 1
60 2 3 1 9 1 11 1
61 0
0 1 2 3
1 11 54
2 4 30 37
3 5 6 16
4 7 8 11
5 9 12 14
6 10 21 31
7 13 22
8 10 15 44
9 27 34 42
10 25 28 56
11 27 35
12 20 23 49
13 17 51
14 22 33 39
15 24 26
16 19 30 32
17 18
18 44
19 25 31 36
20 32 33 34
21 22 29 42
22 49 59
23 24 27 34
24 45 51 54
25 26 41 53
26 43
27 32 36
28 29 36
29 35 38
30 40 48 57
31 33 37
32 38 39
33 35 46 47
34 37 39 52
35 40
36 38
37 40 43 46
38 45 47 51
39 41 43 48
40 41 45 55
41 58
42 44 52 56
43 50
44 46 47
45 60
46 48 53 54
47 50 59
48 50
49 56
50 55
51 52 53 57
52 59
53 55
54 57 60
55 60
56 58
57 58
58 61
59 61
60 61
61
