32 15 24
0 1
1 1 6 7 8 9
2 1
3 2
4 1 8
5 0 1 2
6 1
7 1
8 1 2
9 1 3 4 5 9
10 1 3 4 5
11 1
12 1 2 3 4 5
13 1
14 1 3 4 5 6 7 8
15 1 5
16 1 5 6 7 8
17 1 9
18 4 5
19 1 2
20 1 9
21 3 4 5
22 6 7 8
23 8
0 0
1 3 10 1
2 2 5 2 7 1
3 1 2 2 4 1 8 1 10 1 11 1 13 1
4 2 2 1 10 1
5 1 0 1 9 1 10 3
6 2 1 1 2 2 8 1 11 2
7 1 2 1 4 1 5 1 11 1
8 4 4 1 10 1 11 1 12 1
9 1 13 1
10 5 4 1
11 3 2 1 5 1 11 1
12 3 1 1 4 2 10 3 11 1 12 1
13 2 0 1 5 1 6 1 11 1
14 2 2 1 10 1 13 1
15 3 0 1 1 1 8 1 10 1 11 1
16 3 2 2 11 1 13 1
17 6 4 2 12 1
18 1 10 1
19 3 3 1 10 1 11 1
20 3 0 1 13 1
21 4 3 1 7 1 8 1 13 1
22 2 3 1 4 2 7 1 10 1 11 2
23 3 0 1 10 1 11 4 12 1 13 1
24 6 0 1 6 1 10 1 11 1 12 1
25 2 3 1 13 1 14 1
26 2 1 1 2 1 3 1 8 1 9 1 10 1 12 1
27 1 2 1 4 1 5 1 9 2 10 1 12 1
28 3 4 1 10 1
29 5 1 1 5 3 10 1 12 1 13 1
30 1 1 1 2 1 3 1 5 1 7 1 10 1
31 0
0 1 2 3
1 7 8 9
2 5 11 16
3 4 13 14
4 6 10 12
5 15 21 23
6 15 30
7 12 17 21
8 11 18
9 12 14 17
10 19 21 26
11 19 22 23
12 15 24 26
13 16 18 22
14 16 18 23
15 29
16 20 27
17 19 22 26
18 20 25
19 20 24
20 28 30
21 25
22 24 29
23 28
24 25
25 27
26 27 29
27 28 30
28 31
29 31
30 31
31
