32 12 17
0 1 9
1 4 5
2 1 9
3 6 7 8
4 7 8
5 0 1 2 3 4 5
6 1 2 6 7 8 9
7 3 4 5
8 1
9 2 6 7 8
10 1 9
11 2 5
12 3 4 5 8
13 1 9
14 3 4 5
15 1 8
16 3 4 5
0 0
1 3 7 1 8 2 10 1
2 3 2 1 7 1
3 2 5 1 8 1 10 1
4 4 1 1 5 1 8 2
5 1 3 1 4 2 8 1 10 1
6 2 8 1
7 2 2 1 9 1
8 3 2 1 9 1 10 1
9 4 2 1 9 1 10 2
10 2 8 1 10 1
11 1 5 2 10 1
12 1 2 1 7 1 9 2
13 3 3 1
14 1 10 3 11 1
15 3 6 1 9 2 10 1
16 4 2 1 6 1 10 1
17 2 1 1 5 1 7 1 8 1 9 1
18 5 4 1 10 1
19 2 0 1 3 1 7 1
20 3 7 1 8 1 9 2
21 3 4 1 10 2
22 2 8 1 9 1 10 3
23 3 8 1
24 1 4 1 9 1
25 3 4 1 7 1 8 1 10 1
26 3 1 1 6 1 8 1
27 3 4 1 7 1 9 1
28 5 7 1
29 4 2 1 3 1 4 1 5 2
30 3 2 1 4 1 7 1 10 1
31 0
0 1 2 3
1 6 7 14
2 8 15
3 4 5 25
4 6
5 19
6 9 10 13
7 12 19 23
8 13 20 21
9 15 18 24
10 11 16
11 12 17 23
12 28 30
13 22 24
14 29
15 16
16 17 21 22
17 19 26 28
18 22 27 29
19 20
20 30
21 26 27
22 23
23 26
24 27
25 29
26 30
27 28
28 31
29 31
30 31
31
