92 15 14
0 0 1 2 5
1 6 7 8
2 1 9
3 1 2
4 1 9
5 3 4 5
6 1
7 1 3 4 5 8
8 6 7 8
9 1 2 9
10 6 7 8
11 4 5
12 1
13 5
0 0
1 2 6 2 11 1
2 1 12 1 13 1
3 1 3 1 8 1 9 1 12 1
4 1 3 1 7 1 9 1 11 1
5 2 11 1 12 1
6 2 0 1 12 1 13 2
7 2 2 1 4 1
8 3 1 1 7 1 8 1 13 1
9 3 13 2
10 2 3 1 10 1 13 1
11 2 5 1 10 1
12 5 12 1
13 2 1 1 6 1 12 1
14 4 6 1 9 1
15 4 1 2 11 1
16 2 5 1 7 1 9 1 12 1
17 1 1 1 4 1 8 1 10 1
18 2 2 1 8 1
19 1 10 1 13 1
20 2 2 1 6 1 7 1 10 1
21 2 7 1 11 2 13 1
22 4 4 1 5 1 6 1 8 1
23 3 5 1
24 4 5 1 7 1 8 2
25 4 5 2 10 1
26 1 7 1
27 2 3 1 10 1
28 1 2 1 3 1 8 1
29 2 12 2
30 4 2 1 4 1
31 2 5 1
32 2 7 1 11 1
33 1 12 1
34 2 0 1 3 1 7 1 13 1
35 3 8 1 12 1
36 1 2 1 7 1 13 1
37 3 5 1
38 2 5 1
39 3 3 1 8 1 11 1 13 1
40 2 2 1 11 1 12 1
41 3 2 1 4 1 7 1 12 1
42 3 4 1 12 1
43 3 4 1 10 1 12 1
44 2 1 1 2 1 4 1 12 1
45 2 6 1
46 2 4 1 12 2
47 4 3 1 12 1
48 7 3 1 4 1 9 1 12 1
49 2 1 1 5 1
50 2 4 1 8 1
51 2 2 1 7 1 12 1 13 1
52 3 6 1 7 1 11 1
53 2 4 1 6 1 12 1 14 1
54 2 5 1 13 1
55 1 10 1 11 1 13 1
56 2 4 1 8 1
57 4 5 1
58 1 4 2
59 1 1 1 4 1 7 1 11 1
60 3 1 1 6 1 7 1 12 1
61 2 7 1 11 1 12 1
62 2 4 2 7 1 12 1
63 3 1 1 7 1 12 1
64 2 2 1 3 1 7 1 8 1
65 1 10 1 13 1
66 1 4 1 5 1 6 1 8 1
67 6 2 1 4 1 7 1 11 1
68 4 9 1
69 2 2 1 3 1 9 1
70 2 1 1
71 1 3 1 5 1 9 1 11 1
72 1 9 1 11 1 12 1 13 1
73 4 7 1
74 4 0 1 1 1 5 1 8 1
75 2 4 1 13 2
76 3 4 1 12 1
77 2 10 1
78 2 1 1 4 1 5 1
79 3 11 1 12 1 13 1
80 1 1 1 2 1 11 1 13 1
81 1 12 1
82 2 8 2 12 1 13 1
83 1 2 1 7 1 9 1 11 1
84 6 6 1 8 1 11 2
85 3 4 1
86 2 11 1
87 1 5 1 6 1 9 1
88 3 0 1 7 1 12 1
89 1 6 1 12 1 13 1
90 4 4 1 8 1
91 0
0 1 2 3
1 17 20
2 5 9 30
3 4 6 7
4 15 21 81
5 11 12 14
6 10 52 79
7 8 28 31
8 13 52 54
9 12 53 68
10 16 27 60
11 25 29 35
12 16 46 75
13 18 20 62
14 36 43 44
15 45 72
16 19 42 78
17 22 24 26
18 34 45 64
19 20 86
20 45 84
21 23 28 80
22 46 51 56
23 29
24 32 37
25 44 49 82
26 40 65 69
27 43 48 69
28 36 58 71
29 33 39 41
30 31 38 54
31 42 61 73
32 38 49 56
33 62
34 50 55
35 47 66
36 60 63 70
37 48 55 74
38 59 64 85
39 46 51 55
40 56 64 74
41 42 70 74
42 72
43 53 61 66
44 51 60 63
45 82
46 54 73
47 52 67 90
48 49 50 57
49 61 72 86
50 58 75
51 59 76
52 53 65 68
53 77 83
54 63
55 57 59 70
56 57 67
57 58
58 68
59 66 69 71
60 62 87
61 75
62 83
63 65 77
64 67 77 81
65 85
66 78 90
67 71 76 80
68 85
69 86
70 73
71 79
72 87
73 76
74 82
75 80 81
76 78 79
77 84
78 84
79 88
80 87
81 90
82 83
83 88
84 89
85 89
86 88
87 89
88 91
89 91
90 91
91
