92 12 16
0 1 3 4 5
1 1 9
2 2 6 7 8
3 1
4 5
5 3 4 5
6 4 5
7 1 9
8 4 5
9 1 2 9
10 1 2
11 1 2 8
12 0 1 2
13 3 4 5 6 7 8
14 1 3 4 5 9
15 8
0 0
1 1 2 1 5 1 8 2 9 1
2 2 4 1 5 1 8 1 9 1
3 5 1 1 3 1 6 1 9 1
4 3 4 1 5 1 8 1 10 2
5 2 2 2 5 1 10 2
6 3 5 1 10 1 11 1
7 1 3 1 5 1 10 1
8 1 4 1 7 1 8 1 10 1
9 3 3 1 4 1 5 1
10 1 1 1 8 1 9 1 10 1 11 1
11 1 4 2 5 1 9 1
12 1 5 1 10 1 11 1
13 3 5 1 9 1 11 1
14 1 5 3 10 1 11 1
15 3 5 1 8 1 9 1 11 1
16 2 1 2 5 2 10 1
17 1 1 1 9 1 11 1
18 3 1 1 4 1 8 1 10 1 11 1
19 4 5 1
20 1 4 1 9 1
21 2 2 1 4 1
22 2 7 1
23 3 1 1 5 1 10 2
24 1 5 1
25 2 9 1
26 2 5 1 9 2
27 3 5 2
28 2 4 1 10 1 11 1
29 3 1 2 5 1 7 1 11 1
30 2 10 1 11 1
31 1 7 1 11 1
32 3 1 1 2 1 6 1 10 1 11 1
33 1 3 1 4 1
34 1 1 1 3 1 4 1 8 2
35 1 10 1
36 3 0 1
37 1 1 1 3 1 4 1
38 5 2 2 4 1 5 1 9 1
39 3 1 1 9 2 10 1
40 1 9 1
41 3 1 1 2 1 5 2 10 1
42 2 1 1 2 1 5 1 11 1
43 2 2 2 4 1 9 1
44 1 1 1 3 1 5 1 8 1
45 1 4 1 5 2 9 1
46 2 2 1 10 1
47 1 1 1 4 1 11 1
48 4 2 1 3 1 4 1 10 1 11 1
49 2 2 2 4 2
50 1 5 1
51 1 9 1
52 2 5 2 7 1
53 3 1 1 4 2 8 1
54 5 1 1 4 1 11 1
55 3 4 2 10 1
56 2 3 1 4 1 5 1 9 2
57 2 1 1
58 2 8 1 9 1
59 2 3 1
60 3 0 1 5 1 9 1 10 2
61 3 4 1 10 1
62 1 7 1
63 5 1 1 5 1 9 2
64 2 1 1 4 1
65 1 2 1 9 2 11 1
66 2 1 1
67 2 1 1 9 1
68 2 9 1 10 1
69 2 5 2 10 1
70 1 1 1 3 1 4 1 9 1
71 3 2 1 4 1 5 1 9 1
72 2 5 1 10 2
73 2 0 1 4 1 9 1
74 1 2 1 4 1 5 2 7 1
75 3 5 1
76 2 1 1 7 2 10 1
77 2 1 1 3 1 10 1 11 1
78 1 6 1 8 1 10 1
79 1 2 2 4 2 10 1
80 2 2 1 4 1 5 1 7 1 11 1
81 1 2 1 4 1 10 1
82 1 1 1
83 1 5 2 9 1
84 5 1 1 2 1 8 1 10 1
85 1 5 1 9 1 10 1
86 2 0 1 6 1 9 1 10 1
87 3 2 1
88 1 1 1 2 1 5 2 7 1
89 3 1 2 2 1 9 1 10 1
90 1 0 1 4 2 5 1 7 1
91 0
0 1 2 3
1 4 5 6
2 14 16 24
3 7 8 10
4 26
5 33 59
6 16
7 9 51
8 11 13 15
9 14 30 68
10 17 34 84
11 12 28 29
12 36 64 85
13 20 43
14 25
15 23 56
16 19
17 18
18 31 40
19 21
20 62
21 22 27 48
22 38
23 44 89
24 37 46 86
25 53
26 41
27 32 50 54
28 35 47
29 42
30 45 73
31 57
32 83
33 34 39 42
34 82 88
35 63 65 75
36 63
37 80
38 59
39 61 67 69
40 53 58
41 46 81
42 79
43 66
44 49
45 58
46 72
47 54 75
48 52
49 54
50 57 72
51 73
52 77
53 55 70
54 58
55 60 66
56 62 65
57 60
58 76
59 68
60 85
61 74
62 85
63 71
64 72
65 87
66 69
67 90
68 76
69 83
70 81
71 86
72 84
73 81
74 86
75 80
76 78
77 82
78 79
79 90
80 82 84
81 87
82 87
83 88
84 89
85 89
86 88
87 90
88 91
89 91
90 91
91
