92 12 12
0 8
1 1 9
2 3 4 5 6 7 8
3 1 9
4 6 7 8
5 1 6 7 8
6 6 7 8
7 0 1 2 9
8 3 4 5
9 3 4 5
10 1
11 5
0 0
1 3 6 1 7 1 11 1
2 1 6 1 8 1 9 1 11 1
3 3 1 1
4 2 5 1 7 1 8 1 10 1
5 3 0 1 4 1
6 1 0 1 3 1 6 1 9 1
7 3 0 1 7 1 8 1
8 1 8 1 11 1
9 3 5 1 9 1
10 2 5 1 8 1 10 1
11 1 4 2 9 2
12 3 4 1
13 5 11 1
14 4 11 1
15 3 3 1 8 1 10 1 11 1
16 1 3 1
17 3 10 1
18 3 5 1 10 1
19 2 8 1
20 4 4 1 6 1 8 1 10 1
21 1 3 1 8 1
22 4 4 1
23 1 9 2
24 2 9 1 11 1
25 5 7 1 8 1
26 3 5 1 6 1 10 1
27 1 5 1
28 2 7 1 8 1 9 1 11 1
29 2 2 1 4 1 8 1 11 1
30 1 5 1
31 2 5 1 6 1 8 1
32 2 2 1 6 1 8 1
33 3 7 1 8 1 9 1 11 1
34 3 8 1
35 4 7 1 11 1
36 3 5 1 6 1 7 1
37 1 8 1 9 1 11 1
38 5 10 2
39 3 4 1
40 4 6 1 7 1 8 1
41 2 0 1 7 1
42 3 5 1 6 1 11 1
43 2 6 2 8 1 10 1
44 2 4 1 8 1 10 1 11 1
45 4 4 1 8 2 9 1
46 1 0 1 3 1 6 1 11 1
47 2 3 1 8 1
48 2 3 1 5 1 7 1 9 1
49 2 5 1 8 1
50 3 8 1 10 1
51 2 8 1 11 1
52 1 9 1 10 1
53 2 3 1 5 1 8 1 11 1
54 1 8 3 9 1
55 2 5 1
56 4 3 1 10 1 11 1
57 1 4 1 5 1 6 1 10 1
58 4 1 1 5 1 7 1
59 3 3 1 7 1 8 1 10 1
60 2 8 2 10 1
61 2 5 1 10 1 11 1
62 3 6 1 8 1 9 1 11 1
63 2 4 1 7 2 11 1
64 4 5 1 6 1 8 1 11 1
65 3 8 1 10 1
66 3 5 1
67 3 1 1 3 1 6 1 11 1
68 1 4 1 8 1 9 1
69 3 2 1 7 1 9 1
70 2 9 1
71 2 6 1 9 1
72 1 7 1 9 1
73 4 0 1 3 1 4 1 10 1
74 3 5 1 8 1 9 1 10 1
75 3 4 1
76 2 6 1 7 2
77 2 5 1 8 1 10 1 11 1
78 2 5 1 7 1 11 1
79 3 4 1 7 1 8 1 11 1
80 3 4 1 11 1
81 1 8 1 9 1 11 1
82 4 4 1 5 1 7 1 8 1
83 2 1 1 4 1 8 1 11 1
84 1 5 1 9 2
85 2 1 1 3 1 7 1
86 3 4 2 7 1
87 3 0 1 7 1
88 1 4 1
89 2 9 1
90 1 5 1 10 1
91 0
0 1 2 3
1 13 17 36
2 10 28 43
3 4 71
4 5 6 11
5 18 42 72
6 7 8 21
7 9 15 16
8 14 32
9 12 62
10 26 35 64
11 22 37 57
12 14 33 44
13 20 34 46
14 85
15 33 42 51
16 19 29
17 23 30 38
18 25 52 81
19 24
20 27
21 48 55 89
22 39
23 74
24 63 83
25 41
26 87
27 81
28 45 72
29 30 53
30 31 70
31 66 86
32 38 65 75
33 46 68 75
34 52
35 69
36 50 66 88
37 39 56 76
38 40 45 46
39 65
40 42
41 58 64
42 55 68
43 79
44 47 59 73
45 55
46 49 60 77
47 58 87
48 51 70
49 57
50 52 90
51 76 78
52 59 79
53 54 61
54 56 59 62
55 70 74
56 65 67 77
57 61
58 75
59 63 67
60 61 64
61 67 72
62 90
63 82
64 84
65 68
66 74 79
67 80
68 80
69 73 77
70 84
71 73 76
72 78
73 81
74 90
75 80 82
76 83
77 78 83
78 84
79 89
80 85
81 82 86
82 85
83 86
84 88
85 89
86 87
87 88
88 91
89 91
90 91
91
