32 12 14
0 3 4 5
1 1 5 9
2 1
3 6 7 8
4 1 9
5 1 2 9
6 1 2 3 4 5
7 4 5
8 1 2
9 0 1 2 5
10 8
11 1 3 4 5 7 8
12 6 7 8
13 8
0 0
1 5 6 1 9 1
2 4 8 1 10 1
3 1 3 1 7 1 8 1 10 1
4 6 5 1 6 1
5 4 0 1 5 1 8 1 11 1
6 5 8 1 11 1
7 3 1 1
8 4 2 1 4 1 5 1 9 1
9 1 6 1 11 1
10 3 9 1 10 1 11 1
11 2 3 1 5 1 6 1 7 1
12 3 2 1
13 1 4 1 6 1 11 1
14 4 4 1 5 1 10 1
15 3 8 1
16 3 0 1 9 2
17 4 8 1 9 3
18 1 7 1
19 3 5 1 7 1 8 1
20 3 5 1 11 1
21 1 2 1 5 1
22 3 4 1 8 1
23 5 4 1 11 1
24 2 0 1 7 1
25 1 5 1 7 1 10 2
26 3 7 1 8 1
27 2 3 1 8 1 10 1
28 1 4 1
29 4 0 1 4 1
30 5 0 1
31 0
0 1 2 3
1 28
2 4 5 6
3 13 19 20
4 10 24 30
5 15 17 18
6 7 8 11
7 19
8 9
9 14 21
10 12 25
11 17
12 14
13 21
14 16
15 23
16 23
17 20 22
18 19
19 30
20 30
21 22
22 24 28
23 27 29
24 25
25 26
26 29
27 28
28 31
29 31
30 31
31
