62 15 20
0 1 6 7 8 9
1 1 6 7 8 9
2 1 9
3 1 3 4 5
4 1 3 4 5
5 7 8
6 2
7 1
8 8
9 1 9
10 1
11 1 6 7 8
12 1 9
13 1 9
14 1
15 1 3 4 5
16 1 3 4 5 6 7 8
17 0 1 2
18 1
19 1 9
0 0
1 1 9 1 14 1
2 1 5 1 9 1 11 1
3 3 7 1 13 1
4 2 2 1
5 3 4 1
6 3 3 1 4 1 11 1
7 2 10 1
8 1 1 1 11 1
9 1 7 1 11 1
10 1 10 3
11 3 9 1 10 1 11 1
12 2 5 1 7 2 9 1
13 6 1 1 6 1 11 2
14 2 7 1
15 2 7 1 9 1 10 1
16 2 10 1 11 2 12 1 14 1
17 1 5 1 8 3 11 1
18 2 2 1 5 2 8 1 10 1 12 1
19 2 8 1
20 4 2 1 8 1 11 3 14 1
21 2 11 1
22 4 8 1 11 1 14 1
23 4 7 1
24 3 11 1
25 4 2 1 6 1 7 1 10 1
26 4 4 1 9 1
27 2 8 1 11 2 12 1 13 1
28 2 5 1 10 1 11 1 12 1
29 4 2 1 9 1 11 2 14 1
30 1 5 1 8 1 9 1 11 1 13 1
31 2 4 1 11 2 12 1
32 2 6 1 10 1
33 5 2 1 5 1 9 1
34 2 2 1 7 1
35 3 5 1 11 1 13 1
36 2 5 1 9 1 11 3 13 1
37 3 9 2 11 1
38 2 4 1
39 3 7 1 9 1 13 1
40 2 6 1 10 1
41 4 7 1 8 1 10 1 11 1 13 1
42 2 6 1 13 1
43 2 0 1 5 1
44 5 8 1 9 1 13 1
45 2 5 1
46 3 11 2 14 1
47 3 2 1 3 1 11 1
48 2 4 1 11 1
49 6 2 1 7 1 11 1 13 1
50 2 4 1
51 1 3 1 9 1 10 2
52 2 3 1 7 1 11 1 13 1
53 4 7 1
54 4 8 1 10 1 11 1
55 3 9 1 10 1 11 1 13 1
56 6 7 1 8 2 11 2
57 2 8 1
58 1 3 1 4 1 10 2 11 1
59 2 4 1 9 1 10 1 11 1
60 4 5 1
61 0
0 1 2 3
1 9 13 26
2 5 6 8
3 4 20 52
4 18 30 59
5 12 14 21
6 7 30 39
7 31 53
8 29 31 38
9 10 11 17
10 20 56
11 19 29 47
12 15 16 18
13 27 28 47
14 15 34 45
15 22 24 31
16 23 43 50
17 20 23 54
18 29 34 35
19 32 37 54
20 36 41 44
21 22 25 35
22 50 53
23 24 28 48
24 25 27 41
25 38 52
26 27 28 37
27 51
28 30 40 55
29 33
30 33 56
31 41 43 47
32 33 35 36
33 46
34 40 54
35 40 45
36 38 42 45
37 44 49 52
38 49
39 42 44
40 46
41 57
42 43 49 50
43 51 58
44 48
45 46 58
46 60
47 48
48 59
49 53
50 51
51 57
52 55 56
53 57
54 55
55 60
56 58 60
57 59
58 61
59 61
60 61
61
