62 9 14
0 0 1 2
1 2
2 4 5
3 6 7 8
4 3 4 5 7 8
5 6 7 8
6 5
7 4 5 7 8
8 3 4 5 6 7 8
9 2
10 5
11 6 7 8
12 1 2
13 1 2
0 0
1 3 6 1 7 2
2 5 1 1 5 2 7 1
3 3 6 1
4 2 2 1 5 1
5 3 1 1 3 1 5 1 6 1
6 5 5 1 6 1 7 2
7 1 4 1 5 2 6 1
8 6 4 1
9 3 2 1 8 1
10 3 5 1 6 1 7 1
11 3 2 1
12 2 2 2 4 1
13 6 2 1 3 1 4 1 7 1
14 2 2 1 4 1 6 1
15 1 4 1 5 1 7 2
16 3 2 2
17 4 7 1
18 2 1 1
19 3 2 2 6 1
20 4 2 1 4 1 5 1
21 3 2 1 3 1 6 1 7 1
22 1 5 1
23 4 2 2 6 1
24 2 4 1 5 1
25 3 2 1 5 1 7 1
26 2 7 1
27 1 2 1 5 2 7 1
28 1 2 2 6 1
29 4 3 1 5 2
30 6 2 1 3 1 6 1
31 4 2 2 5 1 7 1
32 2 2 1 5 1 6 1
33 3 7 1
34 3 6 1
35 2 2 1
36 5 2 1 7 1
37 2 2 1 3 1 5 1 6 1
38 3 2 1 5 1 7 1
39 2 4 1 5 1
40 3 4 1 7 1
41 1 4 1 5 1 7 1
42 2 1 1 5 1 7 1
43 2 2 1 5 3
44 2 2 1 5 2 7 1
45 1 3 1 4 1 7 1
46 5 5 1
47 1 2 2 7 1
48 2 1 1 3 1 5 1 6 1
49 1 1 1 2 1
50 2 7 1
51 3 0 1 6 1
52 2 2 1 5 1 7 1
53 3 4 1 6 1 7 2
54 2 6 2
55 3 6 1
56 4 5 1 6 1
57 2 2 1
58 5 1 1
59 2 7 1
60 3 2 2
61 0
0 1 2 3
1 8 11 23
2 4 5 7
3 18 31 36
4 9 14
5 6 21 24
6 16 19
7 10 30
8 25
9 12 13 34
10 17 35 37
11 15 22 28
12 43
13 16
14 40
15 32
16 44
17 41 51 56
18 34 45 57
19 20 56 60
20 47
21 45
22 55
23 26
24 29 60
25 27 38
26 40
27 41
28 44
29 33
30 57
31 42
32 46
33 39 43
34 48
35 44
36 48
37 50 51 58
38 54
39 52
40 43 52
41 46
42 54
43 54
44 49
45 48
46 50
47 49
48 53
49 57
50 53
51 53
52 56
53 59
54 55 58
55 59
56 58
57 59
58 61
59 61
60 61
61
