32 9 8
0 2 4 5 7 8
1 5
2 3 4 5
3 0 1 2 3 4 5
4 2 6 7 8
5 3 4 5 7 8
6 5
7 7 8
0 0
1 3 5 2
2 1 2 1 6 1
3 1 1 1
4 2 1 1 5 1
5 1 4 1
6 2 5 1 6 1
7 2 5 1
8 3 6 1
9 3 5 2
10 4 4 1
11 4 4 1
12 3 0 1 3 1
13 2 5 2
14 2 4 1 5 1
15 3 3 1 6 1
16 1 5 2
17 3 5 2
18 2 5 1
19 3 7 1
20 2 4 1 7 1
21 2 3 1
22 2 1 1
23 2 5 2
24 2 5 1
25 2 5 2
26 2 0 1
27 2 5 1 7 1
28 2 5 1 8 1
29 1 2 1 5 1
30 3 4 2
31 0
0 1 2 3
1 7 13 14
2 5 6 15
3 4 9 10
4 8 18 20
5 11
6 12
7 19
8 28
9 24
10 17
11 23 28
12 19
13 22 23
14 16 30
15 21
16 22
17 18 26
18 19
19 21
20 22 26
21 25
22 24 27
23 26
24 25 28
25 29
26 27
27 29
28 31
29 31
30 31
31
