92 12 16
0 5
1 2 3 4 5
2 2 3 4 5
3 1 6 7 8 9
4 1 7 8 9
5 1 6 7 8
6 3 4 5
7 2
8 4 5
9 0 1 2 6 7 8
10 1 9
11 8
12 4 5
13 4 5
14 1 6 7 8
15 2
0 0
1 4 3 1 9 1 10 1
2 2 4 1 6 1
3 3 0 1 2 1 5 1 7 2
4 1 3 3 5 1 10 1
5 2 5 1 8 2 9 2
6 1 2 1 4 1 5 1 10 1
7 2 5 1
8 2 8 2
9 1 2 1 3 1 4 1 5 1 7 1
10 1 4 2 5 1 8 1
11 4 9 1
12 1 4 1 5 2 8 1 10 1
13 1 4 1 8 2
14 2 8 1 10 2
15 4 5 3 8 1
16 4 2 2 4 1
17 1 3 1 4 1 8 1 9 1
18 2 4 2
19 6 8 1 9 1
20 4 4 1
21 6 2 1 8 1
22 2 0 1
23 1 2 1 6 1 10 1
24 2 5 1 8 1 11 1
25 1 2 1 3 1 5 1 8 1
26 2 5 2 8 1
27 2 1 1 5 1 6 1
28 2 3 1 5 1 8 2
29 4 2 1 7 1 9 2 10 1
30 2 5 1 8 1
31 2 3 1 4 1 8 1
32 4 2 1 10 1
33 3 5 1 7 1 8 1
34 2 5 1
35 2 2 1 8 1 10 1
36 5 5 1 8 1
37 2 4 1
38 2 4 1 7 1 10 1
39 2 5 1 7 1 8 1
40 1 2 1 4 2 5 1 8 1
41 4 2 1 4 1 7 1 8 1
42 2 2 1 4 1 6 1
43 1 3 1 4 2 6 2
44 3 4 1 7 1 8 1
45 6 6 1
46 5 4 1 8 1 9 1
47 3 5 1
48 1 7 1 10 1
49 2 4 2 7 1 8 2
50 1 4 2 5 1 9 1
51 5 4 1 5 1 6 2 10 1
52 3 2 2 4 2 8 1
53 5 2 1 3 1
54 1 2 1 3 1 5 1 10 1
55 1 3 1 4 1 8 1 9 1 10 1
56 2 4 1 6 1
57 2 5 2 6 1 7 1 8 1
58 1 6 1 8 1
59 1 0 1 2 1 4 1 8 1 9 1
60 3 8 1
61 4 2 1 4 2 5 1 10 1
62 2 4 2 8 2
63 1 5 1 7 1 9 1
64 3 4 1 8 1 10 1
65 2 2 1 4 2 8 1 9 1
66 1 7 2 8 1
67 4 3 1 5 1 6 1 9 1 10 1
68 3 7 1
69 1 8 1
70 3 2 1 4 1 7 1
71 1 8 1
72 3 2 1 5 1
73 2 2 1 8 1 9 1
74 2 2 1
75 2 4 1 5 3 10 1
76 4 5 1 8 1 10 1
77 3 2 1 5 2 9 1
78 3 2 1 4 1 5 1 10 2
79 4 4 2 5 1 10 1
80 3 4 1 5 1 7 1 8 1
81 2 2 1 4 1 6 1
82 1 2 1 3 1 8 1 10 1
83 4 3 1 10 1
84 2 4 1
85 4 4 1 7 1 8 2 10 1
86 2 4 1 5 1
87 4 2 1 4 2 8 1 9 1
88 2 6 1
89 5 6 1
90 4 5 1
91 0
0 1 2 3
1 4 27 28
2 7 9 11
3 5 6 10
4 8 29 47
5 17 42
6 23 40 42
7 16 77 82
8 84
9 15 25 57
10 12 14 63
11 13 75
12 19 22 23
13 18 36
14 43 55 76
15 31 62
16 24 81
17 20 52 67
18 30 34 43
19 21 31 39
20 26 62
21 49
22 72
23 54 56 58
24 37 59
25 44 50 61
26 35
27 63 66 68
28 33 46 65
29 38 58
30 60 66
31 32 45 78
32 43
33 34
34 54 71
35 48
36 78 82
37 42
38 86
39 69
40 41 55
41 51 52
42 58
43 73
44 48 80
45 53 64 90
46 51 52 61
47 51 72 73
48 53 71
49 69
50 63 71
51 68 89
52 59 75
53 59 60
54 68
55 67
56 65 73
57 85
58 60
59 83
60 69 85
61 62 64 72
62 82
63 64 86 89
64 85
65 70 77
66 74
67 88
68 70 80
69 84
70 90
71 76
72 75 79
73 89
74 79
75 76 81 90
76 77 78
77 83
78 83
79 80
80 81
81 84
82 88
83 86
84 87
85 87
86 87
87 88
88 91
89 91
90 91
91
