32 12 16
0 1 2
1 1 7 8
2 0 1 2 5 9
3 1 3 4 5 9
4 7 8
5 1 9
6 3 4 5 6 7 8
7 3 4 5
8 1 4 5
9 1
10 1 4 5 9
11 1 2 3 4 5 9
12 8
13 1
14 1 2
15 5
0 0
1 3 5 1
2 2 5 2 6 1 7 1
3 3 2 1 5 1 10 2
4 4 2 2 5 1 6 1
5 4 4 1 10 2
6 4 5 1 9 2
7 4 2 1 3 1 5 2 10 1
8 2 1 1 7 1 10 1
9 5 3 1 8 2 9 1 10 1
10 1 2 1 3 1 10 1
11 3 10 2
12 2 1 1 4 1 5 1 10 2
13 1 4 1 8 1
14 1 2 1 4 1
15 2 5 1 7 1
16 1 1 1 7 1 8 1 10 2
17 2 10 1
18 2 8 1 10 1
19 3 2 1 4 1 5 1 8 1
20 3 5 1 10 2
21 6 6 1 10 1
22 3 2 2 4 1 8 1 10 1
23 3 10 1
24 2 8 1
25 2 3 1 8 2 9 1 10 1
26 1 3 1 8 1 9 1
27 3 0 1 2 1 3 1 5 1
28 2 3 1 5 1 8 1 11 1
29 4 2 2
30 2 4 1 5 1 7 2 9 1
31 0
0 1 2 3
1 5 6 8
2 9 21
3 4
4 20
5 7 18 29
6 11
7 10 25
8 13
9 15 17
10 12 17 23
11 14 15
12 14
13 18
14 16 19 30
15 22
16 27
17 28
18 24 26
19 27
20 22 29
21 22
22 24 26
23 30
24 25
25 30
26 27
27 28
28 31
29 31
30 31
31
