62 9 18
0 1 2
1 4 5
2 0 1 2
3 4 5
4 2
5 8
6 3 4 5
7 3 4 5 8
8 6 7 8
9 7 8
10 6 7 8
11 1 2
12 3 4 5
13 5
14 4 5
15 6 7 8
16 6 7 8
17 8
0 0
1 2 3 1 5 2 7 1
2 3 1 1 4 1 5 2 6 1 8 1
3 2 4 1 6 1
4 3 1 1 5 1
5 3 1 1 4 1 5 1 7 1
6 1 2 1 4 1
7 2 2 2 4 1 7 1
8 8 2 1 4 1 5 2 7 2
9 6 2 2 4 2 5 1
10 1 2 1 4 1 5 1 6 1 8 1
11 3 4 1
12 3 1 1 2 1 3 1 4 1 5 1 6 1
13 5 1 2 2 1 5 1 7 1 8 1
14 3 2 1 4 1 5 2 6 1 7 1
15 4 2 1
16 3 2 1 6 1 7 1
17 2 5 1
18 5 2 1 4 1 5 1 7 1
19 3 2 2 3 1 7 1
20 2 1 1 5 2
21 4 2 1 3 1 4 2 6 1 7 1
22 3 2 1 3 1 5 2 6 1 7 1
23 5 3 1 5 2 6 2
24 3 0 1 4 2 6 1
25 2 3 1 5 1 7 1
26 2 2 1 5 1 6 1
27 3 4 1 5 1
28 2 3 2 4 1 5 1 6 1 7 1
29 1 7 2 8 1
30 3 4 2 5 1 7 2
31 2 2 1 3 1 7 1
32 3 1 1 4 2 5 2
33 3 3 1 5 1 6 1
34 4 2 1 3 1
35 3 2 1 4 1
36 2 6 1
37 4 1 2 3 1 5 1 7 1
38 2 1 2 2 1 5 2 7 1
39 3 2 1 4 2 5 1 7 1
40 3 7 1
41 3 4 1
42 3 4 1
43 2 1 1 2 1 5 1
44 2 2 1 4 2 5 1 6 1
45 2 2 2
46 5 6 1
47 4 4 1 5 1 6 2 8 1
48 3 1 1 2 1 5 2 6 1 7 1
49 2 2 1 6 1 7 1
50 2 3 1 4 1 7 1
51 4 2 1 8 1
52 1 1 1 2 1 5 2 6 2
53 5 5 3 6 1 7 2
54 4 2 2 6 2 7 2
55 1 5 1 7 1 8 1
56 2 2 1 3 1 5 1 6 1 7 1 8 1
57 7 5 1
58 3 3 1 5 1 7 1
59 3 2 1 4 2 6 1 7 1 8 1
60 1 5 1 7 2
61 0
0 1 2 3
1 11 24 46
2 5 12
3 4 13 15
4 9 27 31
5 6 7 8
6 14 23 41
7 10
8 26 28
9 25 36 60
10 17 48 55
11 18 22
12 20
13 38
14 16
15 18 32 43
16 43
17 19 40
18 59
19 21 33 38
20 49
21 54
22 57
23 55
24 35
25 54
26 44
27 30 37
28 29 39
29 34 52
30 36
31 44
32 35
33 42 50 53
34 40 45 56
35 47
36 43
37 38
38 58
39 51
40 44
41 58
42 57
43 45
44 53
45 50
46 49 52
47 59
48 57
49 53
50 51
51 59
52 56
53 54
54 58
55 56
56 60
57 60
58 61
59 61
60 61
61
