32 12 14
0 5
1 1 8
2 7 8
3 1 6 7 8
4 1 6 7 8
5 5
6 1
7 1 2 6 7 8
8 2
9 0 1 2
10 1 9
11 3 4 5
12 5
13 5
0 0
1 3 2 1 7 1
2 3 5 2 10 1
3 3 1 1
4 3 1 1 2 1 8 2
5 2 5 1 8 1
6 2 4 1
7 2 5 2
8 1 5 1 9 1
9 5 5 1
10 3 2 1 5 1 8 1
11 1 1 1 2 1 4 1 8 1
12 2 3 1 5 1
13 3 2 1 6 1
14 1 1 1
15 2 0 1 5 1 8 1 10 1
16 4 5 1 7 1 8 1
17 3 5 1 11 1
18 4 3 1 7 1 9 1 10 1
19 3 10 1
20 2 10 1
21 3 5 2 7 2
22 1 2 1 5 2 8 1
23 2 8 1 9 1 10 1
24 2 2 1
25 5 3 1 5 1 7 1 8 1
26 3 8 1 10 1
27 2 5 1
28 4 7 1 8 1 9 1 10 1
29 3 2 1 5 1 8 1 10 1
30 1 7 1
31 0
0 1 2 3
1 20 25 26
2 4 8 9
3 5 11 12
4 6 7 10
5 14 17 18
6 16
7 11 12 13
8 29
9 22 23 27
10 21 28
11 20
12 14 15
13 16 19 24
14 22
15 17 20
16 22
17 23 26 29
18 19 27
19 21
20 23 28
21 25 29
22 30
23 30
24 25 26
25 30
26 27
27 28
28 31
29 31
30 31
31
