92 12 22
0 1 9
1 1 5 8
2 7 8
3 4 5
4 3 4 5 7 8
5 1 9
6 1
7 3 4 5
8 5 7 8
9 8
10 8
11 1 9
12 3 4 5 6 7 8
13 2
14 1
15 6 7 8
16 6 7 8
17 4 5
18 2 6 7 8
19 5
20 0 1 2
21 1 2
0 0
1 1 2 1 8 1
2 1 1 1 5 1 8 1
3 2 5 1 7 2 8 1
4 3 2 1 4 1 9 1 10 1
5 1 1 1 4 1 5 1 10 1
6 2 7 1 8 1 9 1
7 1 0 1 2 1 5 1 8 3
8 1 2 1 5 1 9 1 10 1 11 1
9 3 5 2 9 1
10 1 5 1 8 1
11 1 3 1
12 2 1 1 5 2 7 1 8 2 10 1
13 2 0 1 6 1 9 1 10 1
14 2 4 1 8 2 9 1 11 1
15 5 0 1
16 4 0 1
17 2 6 1 7 1
18 3 5 1 8 2
19 3 9 1
20 2 1 1 2 1 7 1 8 3 9 1
21 1 0 1 2 1 5 1 7 1 8 1 10 1 11 1
22 2 1 1 7 1 10 1
23 2 2 1 4 1 5 1 8 2 10 1
24 2 4 1 10 2
25 1 3 1 5 1 11 1
26 4 1 1 5 1 7 1
27 4 4 1 5 1
28 1 4 1
29 1 1 1 2 1 5 2 7 1
30 4 2 1 8 1 9 1 10 1 11 1
31 4 2 1
32 1 8 2 9 1
33 6 5 1 6 1 7 1 8 2 9 1 11 1
34 2 2 1 4 1 7 1 10 1
35 2 1 1 5 1 8 1
36 1 5 1 6 1 7 1
37 3 8 3 11 1
38 1 10 1
39 3 5 1 8 2 10 1 11 1
40 4 5 1
41 1 3 1 5 1 8 1
42 2 2 1 3 1 8 2
43 4 10 1
44 3 2 1 4 2 8 1 9 1
45 2 4 1 6 1 7 1 8 1 9 1 11 1
46 2 4 1 7 1 9 1
47 1 4 1 5 1 7 1 8 2
48 1 5 1 6 1 8 1 9 1 10 1
49 3 2 1 4 1 7 1
50 3 3 1 4 1 5 1 8 1 10 1
51 1 4 1 5 1 6 1 8 2 9 1 10 1
52 3 5 3 8 2 9 1 10 1
53 1 0 1 5 1 8 3 9 1 10 1
54 1 4 1 5 1 7 2 8 1 9 1
55 3 4 1 6 1 8 1
56 1 4 1 5 2 6 1 7 1 10 1
57 2 8 1 10 1
58 1 8 1
59 2 7 1 8 1
60 2 5 1 7 1 9 1
61 2 2 1 4 1
62 3 5 1 9 1 11 1
63 1 3 1 5 1 8 3 9 1 10 1
64 2 3 1 7 1 8 1 9 1
65 3 1 1 7 1 8 1 9 1 11 1
66 2 2 1 4 2 5 1 7 1 8 1 10 1
67 2 10 1
68 2 7 1
69 1 2 1 3 1 8 2 10 1 11 1
70 2 8 3 9 1 10 2
71 2 1 1 2 1 3 1 8 1
72 2 2 1 8 3 10 1
73 2 2 1 4 1 7 2 8 2 10 1
74 2 4 1 7 1 8 3 10 1
75 2 2 1 8 1 9 1 11 1
76 1 5 2 6 1 9 1 11 1
77 3 2 2 4 1 5 1 6 1 7 1 10 1
78 3 4 2 6 1 7 1 10 1 11 1
79 1 7 2
80 3 2 1 3 1 5 1 8 2 9 1
81 2 5 1 6 1 7 1 8 2 10 1 11 1
82 2 8 1 9 1 10 1 11 1
83 2 5 1
84 1 2 1 3 1 5 1 8 1 9 1 11 1
85 2 2 1 7 1 10 1 11 1
86 2 2 1 7 1 8 1 9 1
87 3 2 1 5 1 7 1 8 1 9 1 10 1
88 5 2 1 5 1 8 2
89 4 0 1 5 1 6 1 7 1 8 1
90 1 5 2 6 1 10 1
91 0
0 1 2 3
1 5 11 13
2 6 7 75
3 4 7 8
4 19 24 27
5 38 40 43
6 15 30 37
7 9 22 71
8 10 18 41
9 21 32 40
10 12 22 34
11 14 16 23
12 28 37 55
13 33 46 59
14 17 20 25
15 33 35 62
16 26 61 66
17 29 31 47
18 36 67 68
19 65
20 29 49
21 24 28 58
22 35 38 54
23 39 52 85
24 29 53 76
25 45 58 78
26 39 47
27 35 44 88
28 47 60
29 51 52 69
30 39 58
31 36 46 84
32 57
33 87
34 42 62 67
35 43 59 64
36 40 43 44
37 38 48 66
38 51 53
39 42 50 53
40 55 60
41 42 56 83
42 46 63 69
43 48 73
44 55 76 77
45 48 83
46 71 73
47 64 72 79
48 82
49 52 66 88
50 67 70 71
51 59 63 70
52 61
53 68 72
54 56 57
55 79
56 60 61 62
57 63 64
58 85
59 65 77 89
60 69
61 80
62 84
63 68 74 86
64 65 82
65 73
66 83
67 79 81
68 81
69 70 72
70 80
71 74 80
72 74
73 87
74 77 88
75 76
76 78 85
77 78
78 81
79 82
80 86
81 90
82 89
83 84 87
84 89
85 86
86 90
87 90
88 91
89 91
90 91
91
