32 15 30
0 6 7 8
1 1
2 4 5
3 1
4 1 5
5 2 3 4 5
6 8
7 1
8 8
9 1
10 2
11 1 6 7 8
12 5
13 4 5
14 1
15 1
16 1 6 7 8
17 1 2
18 2
19 0 1 2 3 4 5 7 8
20 8
21 1 9
22 1 2
23 3 4 5
24 6 7 8
25 1
26 3 4 5
27 1
28 1 3 4 5 7 8 9
29 5
0 0
1 4 8 1
2 1 7 1
3 3 2 1 4 1 11 2 13 2
4 2 2 1 3 1
5 3 13 1
6 3 1 1 2 1 3 1 4 2 5 1 6 1 7 1 8 1 13 1
7 1 1 1 8 1 11 1
8 3 1 1 4 1 5 2 7 2 9 1 13 1 14 1
9 7 4 1 8 1 11 2 12 1 13 1
10 3 11 1
11 5 2 1 4 1 5 1 10 1 14 2
12 5 11 1 13 1
13 3 1 2 2 1 5 1 6 1 11 1 12 2 13 1
14 4 1 1 2 1 8 2 11 2 12 1 13 1
15 2 1 1 2 1 5 2 7 1 10 1 11 1 13 2 14 1
16 3 5 3 6 1 7 1 8 2 11 1 13 1
17 4 8 3
18 3 2 1
19 2 1 1 2 2 5 1 7 1 8 2 12 1
20 3 2 1 4 1 6 1 8 2 12 1 13 1
21 4 2 3 4 1 7 1 11 1 13 1
22 1 0 1 2 1 3 1 5 3 8 3 13 1 14 1
23 3 5 1 8 2 11 2 12 1 14 1
24 3 3 1 4 1 11 2 13 1
25 1 1 1 12 1 14 1
26 3 4 1 5 1 7 1 13 1
27 1 2 1 5 3 7 1 8 1 13 1
28 1 1 1 5 1 8 1 10 1 13 1
29 3 5 1 6 1 7 1 8 1 11 2 14 1
30 2 4 1 5 1
31 0
0 1 2 3
1 4 5 6
2 8
3 29
4 16 19
5 7 10 12
6 23
7 15 18
8 9 11 17
9 13
10 14 15 23
11 27
12 20
13 18 25
14 27
15 19
16 21
17 27
18 26 28
19 30
20 28 29
21 22 24 26
22 25
23 24
24 29
25 30
26 30
27 28
28 31
29 31
30 31
31
