32 15 18
0 1 6 7 8
1 6 7 8
2 1 3 4 5
3 7 8
4 1 4 5 7 8
5 1
6 1 2 4 5
7 0 1 2 9
8 1 8 9
9 1
10 5
11 3 4 5
12 3 4 5
13 1
14 1 8
15 1 3 4 5
16 3 4 5
17 1
0 0
1 2 3 1 4 1 5 1 11 1 12 1
2 3 3 1 4 1 5 2 8 2
3 2 1 1 5 2 10 1 12 1 13 1
4 2 8 1 12 1
5 2 4 1 5 2 6 1 11 1 13 1
6 4 5 2 10 1
7 3 5 1 6 1 12 1
8 3 3 2 4 1 12 1
9 4 3 1
10 4 5 2 8 1
11 3 11 1
12 1 2 1 5 2 9 1 11 1 13 1
13 2 0 1 4 1 10 1 12 1
14 2 4 1 5 1 7 2
15 2 3 1
16 2 4 1 5 1 8 1
17 2 11 1
18 2 2 1 5 1 8 1
19 3 4 1 5 1 7 1 11 1
20 2 4 1 12 1 14 1
21 2 3 1 5 1 6 1 10 1 11 1 13 1
22 2 3 1 4 1 5 1 11 1 12 1
23 2 3 1 5 1 11 1
24 2 10 1
25 3 5 1 7 1 8 1
26 1 4 1 5 1 8 1 11 1 12 1 13 1
27 2 3 1 5 2 10 1 11 1 12 1
28 3 4 1 5 1 7 1 9 1
29 2 5 2 10 1 13 2
30 1 5 1
31 0
0 1 2 3
1 6 8 26
2 8 22
3 4 16 21
4 5 22
5 14
6 7 9 10
7 12
8 11 13 27
9 19 21
10 15 19 25
11 15 17 30
12 13 16 18
13 14 17 28
14 24 30
15 24
16 23
17 21
18 20 23 27
19 22 27
20 25 28
21 23 25
22 24
23 29
24 29
25 29
26 28
27 30
28 31
29 31
30 31
31
