62 15 18
0 1
1 6 7 8
2 4 5
3 5
4 1
5 1
6 1 2 5 6 7 8
7 1
8 1
9 3 4 5
10 1 9
11 1
12 1 2
13 3 4 5
14 0 1 2
15 1 9
16 5
17 5
0 0
1 2 0 1 2 1 5 1 7 1 10 1 13 1
2 2 5 1 10 1 11 1 12 1
3 2 3 1 5 1 10 1 13 2
4 2 0 1 3 1 6 1 11 1 13 2
5 3 5 1 13 1
6 2 13 1
7 3 0 1 5 1 7 1 8 1 9 1
8 1 5 2 10 2 12 1 13 1
9 3 2 1 4 1 5 3 13 1
10 3 1 1 2 1 7 1 11 1
11 4 4 1
12 4 4 1 5 1 12 1 13 1
13 2 2 1 13 3
14 6 13 1
15 4 2 1
16 3 1 1 5 1 13 3
17 1 5 1 11 1
18 1 4 1 13 1
19 2 3 1 5 1 11 1 13 1
20 2 2 1 4 1 5 1
21 2 5 1 8 1 12 1
22 4 5 1 12 2
23 3 13 1
24 1 5 1 8 1 9 1 11 1 13 2
25 3 4 1 5 1 10 1 13 1
26 4 13 1
27 3 1 1 5 3 9 1 13 1
28 3 3 1 5 1 10 1 11 1 12 1
29 1 5 1 11 1
30 1 4 1 10 1 11 1
31 2 5 1 11 1 13 1
32 2 5 2 8 1 10 1 13 1
33 2 2 1 3 1 12 1
34 4 1 1 6 1 11 1 12 1 13 1
35 5 5 1 12 1 13 1 14 1
36 3 0 1 6 1 12 1 13 1
37 3 5 2 6 1
38 3 9 1 10 1 13 1
39 3 0 1 4 1 5 1 13 1
40 1 4 1 6 1 10 1 11 1 13 1
41 4 1 1 4 1 8 1 12 1
42 1 0 1
43 1 2 1 5 2 9 1 13 2
44 3 0 1 4 1 5 1 11 1 12 1
45 1 5 3
46 1 0 1 2 1 3 1 5 1 13 1
47 4 9 1
48 1 2 1 5 1 11 1 13 1
49 2 0 1 11 1 12 1 13 1
50 5 3 1 5 1 6 1 10 1 12 2
51 1 2 1
52 2 1 1
53 3 2 1 13 1
54 2 5 3 9 1 13 1
55 2 4 1 5 2 10 1 11 1 12 1
56 3 11 1 13 1
57 1 10 1 13 1
58 2 2 1 5 1 8 1 10 1 12 1 13 1
59 3 3 1 4 1 5 2 12 1 13 1
60 6 2 1
61 0
0 1 2 3
1 6 15 26
2 5 12 14
3 4 9 44
4 28 58
5 13 23
6 7 10 33
7 8 21 32
8 18
9 54
10 11 35 37
11 17 40 47
12 20 22 33
13 30
14 19 36 51
15 16 60
16 30
17 52
18 58
19 27 41
20 31 39 54
21 57
22 32
23 24
24 25
25 46
26 30
27 38 53
28 29
29 48
30 43 49
31 34 56
32 56
33 48
34 50 59
35 39
36 57
37 52
38 43 45
39 51
40 42 45
41 55
42 53
43 56
44 47
45 58
46 47
47 50
48 49
49 53
50 51
51 52
52 57
53 54
54 55
55 59
56 59
57 60
58 61
59 61
60 61
61
