92 12 10
0 1 5 7 8 9
1 7 8
2 2
3 1 6 7 8 9
4 0 1 2 6 7 8
5 3 4 5
6 2
7 3 4 5
8 6 7 8
9 3 4 5
0 0
1 6 3 1 8 1 10 1
2 3 2 1 4 1 7 1
3 4 6 1 7 2
4 1 5 1 6 1
5 5 2 1 8 1
6 4 8 2
7 1 8 1
8 2 2 1 4 1 8 1
9 4 7 1
10 2 2 1 5 1 7 1 11 1
11 1 3 1
12 3 2 1
13 2 2 1 3 1 5 1
14 3 2 1 4 1 6 1
15 3 5 1 9 1
16 2 3 1
17 3 6 1 7 2
18 1 2 1 4 1 8 1
19 2 7 1 8 1
20 3 2 1 5 1
21 1 2 1 7 1
22 2 6 1
23 3 4 1
24 3 2 2 9 1
25 3 3 1 8 1
26 2 4 1 8 2
27 2 4 1 7 1
28 1 9 1
29 1 0 1 3 1 4 1
30 2 0 1 2 1 5 1
31 3 2 1 4 1 7 1
32 2 3 1
33 4 3 1 4 1
34 2 2 1 4 1 8 1
35 8 7 1
36 5 10 1
37 3 2 2
38 2 3 1 8 1 9 1
39 4 6 1 7 1 8 1
40 2 2 2 3 1
41 2 5 1 7 1 10 1
42 1 4 1 7 1
43 6 2 1 7 1
44 3 7 1 8 1
45 1 7 2 10 1
46 1 2 1 8 1
47 2 1 1 2 1 5 1
48 4 3 1 4 1
49 1 3 1 7 1
50 2 2 1 3 1 8 1
51 3 2 1 8 1
52 2 3 1 7 1
53 3 2 1 8 1
54 4 8 2
55 1 2 1 10 2
56 4 10 1
57 6 2 1 7 1
58 3 7 1 8 1 9 1
59 2 7 1
60 2 10 1
61 2 2 1 4 2
62 5 8 1 9 1
63 2 9 1
64 2 7 1
65 1 2 1 7 1
66 5 2 1 3 1 9 1
67 3 5 1
68 2 2 1 6 1
69 5 7 1
70 1 2 1
71 2 6 2
72 2 5 1 8 2
73 2 2 1
74 1 2 2
75 2 3 1 7 1
76 2 3 1 5 1
77 1 2 1 7 2
78 4 6 2 8 1
79 2 2 1
80 3 2 1 5 1 10 1
81 5 2 1
82 3 6 1
83 1 7 1
84 1 0 1
85 2 7 1
86 2 2 2 7 1
87 2 2 2
88 3 8 1
89 1 2 1 8 1
90 2 8 1
91 0
0 1 2 3
1 72 86
2 4 9 23
3 7 8 22
4 5 38 49
5 6 16
6 10 12 20
7 14 15 29
8 13 29 33
9 14 19 44
10 11 29 47
11 44 58 60
12 36 54
13 27 37 43
14 18 34 36
15 16 18 33
16 17 32 42
17 20 58 70
18 21 25 46
19 41 59 74
20 25 28 31
21 35
22 40 80
23 24 26 56
24 59 83 90
25 39 40 45
26 32 49
27 34 48 60
28 30 64
29 51 65 67
30 36 50
31 35 63
32 48 52 64
33 53
34 50 51 77
35 68
36 52 53 56
37 42 47 85
38 40 42 85
39 47 80
40 53 55
41 45 65 66
42 45 76 84
43 61 62 68
44 56 59 69
45 82
46 60 70 81
47 81
48 50 78 80
49 52 57 70
50 74 87
51 58 68
52 61 62 69
53 73 79
54 57 62 69
55 63 76
56 57 66 71
57 67
58 61 75
59 64 72
60 86 89
61 66
62 63 65 67
63 73 79 82
64 71
65 75
66 84
67 73 75 84
68 71 72
69 77
70 88
71 76 79
72 78
73 74 77
74 90
75 78
76 89
77 81 83
78 85
79 86
80 82
81 87
82 83
83 89
84 90
85 88
86 87
87 88
88 91
89 91
90 91
91
