62 9 16
0 4 5
1 5
2 2
3 6 7 8
4 4 5 8
5 2
6 7 8
7 4 5
8 6 7 8
9 5
10 3 4 5
11 6 7 8
12 3 4 5 6 7 8
13 1 2 6 7 8
14 0 1 2
15 6 7 8
0 0
1 2 4 1 5 2 6 1
2 2 6 1
3 1 2 3 4 1
4 3 3 1 5 1
5 1 2 2 3 1 6 1 7 1
6 2 2 1 7 1
7 4 4 1 5 1 6 1 7 2
8 2 2 1 5 2
9 2 2 1 4 1 5 1 7 1
10 3 2 1 3 1 5 1 7 1
11 2 2 2 4 1 6 1
12 3 4 1 7 2
13 1 5 2 7 1
14 3 2 1 4 1 6 1
15 3 2 1 5 1
16 1 4 1
17 1 2 2 5 1 6 1 8 1
18 1 1 1 2 2 7 1
19 2 5 1
20 1 1 1 4 1
21 3 2 1 7 1
22 2 0 1 3 1 4 1 5 1 6 1
23 2 2 1 5 1 6 1
24 2 2 1 4 1 7 1
25 3 4 1
26 3 4 1
27 5 2 1 5 3 7 1
28 3 5 1
29 5 2 1 5 2
30 2 4 1 5 1 7 3
31 3 5 2
32 6 1 1 5 1 6 1
33 1 2 1
34 1 1 1 5 2 6 2
35 1 4 1 5 2 6 1
36 3 3 1 5 1 6 1 7 1
37 3 5 1 6 1
38 1 1 1 3 1 5 1 7 1
39 1 4 1 7 1
40 6 2 1 4 1 5 1 7 1
41 3 7 1
42 2 1 1 2 1 5 3
43 2 4 2
44 4 4 1 5 1 7 3
45 4 7 1
46 3 6 1
47 4 1 1 6 2
48 2 2 2 4 1
49 3 2 1 5 1
50 1 2 1 5 1
51 2 2 1 6 2 7 1
52 4 5 2 6 1 7 2
53 2 0 1 2 1 4 2 7 1
54 2 2 1 5 2 7 2
55 2 6 1 7 1
56 5 2 1 4 1 6 2 7 1
57 5 3 1 4 1
58 2 5 3 6 1 7 1
59 3 7 1
60 4 3 1 5 1 7 1
61 0
0 1 2 3
1 4 9 15
2 8 23 27
3 10 12
4 5 6 10
5 13 25 41
6 7
7 11 18 19
8 14 33
9 16 45
10 16 17 20
11 40 45 55
12 22
13 32 36 48
14 28 41
15 20 38
16 21
17 31
18 22
19 22 27 48
20 30 43 44
21 39 43
22 24 25
23 34
24 26 28
25 56
26 32 35 52
27 54
28 29 31
29 32 35 36
30 37 42
31 38 49
32 58
33 39 44 53
34 57
35 44 45
36 39 47 59
37 41 46
38 53 60
39 58
40 46 49
41 55 56
42 49 50 57
43 52
44 55
45 50
46 47 51 56
47 50
48 58
49 51
50 54
51 52 53
52 54
53 59
54 60
55 57
56 59
57 60
58 61
59 61
60 61
61
