32 12 13
0 1 4 5
1 0 1 2 3 4 5
2 5
3 6 7 8
4 1 2 6 7 8 9
5 3 4 5
6 1 2
7 1
8 3 4 5 6 7 8
9 2
10 1 2
11 1 3 4 5 9
12 1
0 0
1 2 4 1
2 6 2 1 5 1 10 1
3 1 4 1 6 1 10 2
4 2 0 1 2 1 5 1 7 1
5 3 3 1 5 1
6 3 2 1 7 1
7 2 1 1
8 1 1 1
9 1 2 1 10 1
10 1 5 2 8 1
11 2 2 1 4 1
12 4 8 1
13 1 2 1 3 1 6 1
14 3 5 1 10 1
15 3 1 1 2 1
16 4 2 1 4 1 5 1
17 3 2 2 6 1
18 2 2 1 3 1 9 1
19 2 4 1 10 1
20 2 1 1 2 2 4 1
21 1 8 1 10 1
22 2 10 1
23 4 0 1 2 1 3 1 4 1
24 2 3 1
25 3 2 1 10 1
26 2 3 1 9 2
27 2 5 2
28 1 2 1 5 1 8 1 10 1 11 1
29 3 2 2 6 1
30 3 2 1 4 1 5 1 10 1
31 0
0 1 2 3
1 5 7
2 4 5 6
3 15 17 21
4 10 11 24
5 8
6 11 15 19
7 8 15
8 9 21 25
9 22 24 28
10 13 21
11 12 14 30
12 16 23
13 14 20
14 26
15 16 18
16 26
17 25 28
18 24
19 22 26 28
20 30
21 23 27
22 23
23 29
24 27 29
25 27
26 29
27 30
28 31
29 31
30 31
31
