92 15 16
0 5
1 2
2 1 2 6 7 8
3 1 4 5 7 8
4 1 8
5 3 4 5 8
6 3 4 5
7 2
8 1
9 6 7 8
10 0 1 2 6 7 8
11 1 6 7 8
12 1 9
13 3 4 5
14 7 8
15 4 5
0 0
1 2 6 1 7 1 9 1 11 1 13 1
2 2 10 1
3 2 5 1 7 1 8 1 12 1
4 1 2 1 5 1 11 1
5 6 4 1
6 1 2 1
7 4 2 1 8 1
8 1 0 1 2 1 5 1 9 1
9 3 4 1 5 1 8 2
10 1 8 1 11 1
11 2 13 1
12 3 2 1 4 1 8 1
13 2 4 1 8 1 14 1
14 2 2 1 4 1 8 1 11 1
15 2 2 1 10 1
16 2 2 1 5 2
17 2 4 1 6 2 10 1
18 3 2 1 5 1 12 1
19 5 2 1 5 1
20 1 4 2 5 1
21 1 3 1 4 1 10 1
22 2 2 1
23 3 2 1 4 1 7 1 10 1
24 2 2 2
25 2 2 1 6 1 13 1
26 3 7 1
27 2 2 1 5 1 10 1
28 5 3 1 4 1 5 1 9 1
29 2 2 1
30 2 4 1 5 1 7 1
31 5 4 1 6 1 8 2 10 1
32 2 2 2 11 1
33 1 5 1 7 1
34 2 2 1 3 1 4 1 8 1 9 1
35 1 3 1
36 2 2 1 3 2 7 1
37 3 3 1 7 1 8 1
38 1 2 1 5 1 10 1
39 1 8 1
40 2 2 1 3 1
41 4 11 1
42 5 2 1 4 2 5 1
43 1 3 1 8 1
44 3 2 1 4 1 6 2 10 1
45 4 3 1 5 1 11 1 13 1
46 1 2 2 5 1 13 1
47 3 8 1
48 3 2 1 3 1 7 1 11 1
49 3 3 2 5 1 8 1 11 1
50 1 2 1 5 1 11 1
51 1 2 2 4 1 7 1 11 1
52 2 11 1
53 3 2 1 5 1 13 1
54 2 2 1 6 1 7 1 11 1
55 1 2 1 3 1 7 1
56 2 5 1
57 1 4 1 7 1 10 1
58 1 1 1 5 1
59 4 7 1 8 1 11 1
60 1 2 1 3 1 8 1 9 1 12 1
61 2 2 2 13 1
62 1 5 1 7 1
63 4 3 1 5 2 6 1 10 1
64 2 2 1 12 1
65 5 7 1
66 2 2 1 3 1 5 1 8 1 11 1
67 3 2 1 4 1 6 1 8 1
68 1 2 1 5 1 6 1 7 1 8 1
69 2 3 1 5 1 8 1 9 1 13 1
70 2 2 2 5 1 6 1 8 1
71 2 2 1
72 1 5 2 8 1
73 1 2 1 4 2 10 1
74 1 4 1 8 1 10 1 11 1 13 1
75 2 4 1 5 1 8 1 11 1
76 3 5 1 6 1 7 1 8 1 13 1
77 3 5 1 8 1
78 1 5 1 8 1 9 1 13 1
79 4 2 1 8 1
80 1 2 1 5 1 6 1 8 1
81 2 2 1 5 2
82 2 2 1 7 1 8 1 11 1
83 4 2 2 3 1 11 1 13 1
84 3 2 1 7 1 10 2
85 3 8 1 12 1
86 2 4 1 7 1
87 2 2 1 7 1 9 1
88 4 8 1
89 3 5 1 8 1 13 1
90 2 13 1
91 0
0 1 2 3
1 5 10 38
2 7 8 40
3 4 23
4 12 89
5 6 20 30
6 9 13 29
7 14 18 32
8 11 36 37
9 19
10 15 27 67
11 16 31 64
12 21 45 78
13 19 34
14 17 45 50
15 21 22 49
16 39 51
17 33 37 62
18 22 70 74
19 61 63
20 24 43
21 46 66
22 26 39 53
23 25 33 52
24 75
25 27 40 43
26 47
27 28 42 55
28 36 72 78
29 41
30 35 41 43
31 74 78
32 34
33 54 66
34 54 80
35 45
36 53 76
37 46 79
38 81
39 44
40 49 59
41 82
42 48 61
43 55 70
44 60 77
45 65 72
46 77
47 64
48 56 59 79
49 57 58 64
50 70
51 58
52 60
53 60 83
54 67
55 68
56 62 69 81
57 69
58 80
59 66
60 80
61 88
62 73 83
63 85
64 73
65 76 82
66 84
67 86 89
68 71 74
69 72
70 71
71 73 75
72 75 90
73 76 85
74 81 82
75 77
76 90
77 84 86
78 79 90
79 87
80 88
81 83
82 84
83 85 86
84 87
85 89
86 87
87 88
88 91
89 91
90 91
91
