62 12 24
0 6 7 8
1 7 8
2 1 2
3 3 4 5 6 7 8
4 3 4 5 6 7 8
5 6 7 8
6 1 9
7 2
8 7 8
9 0 1 2
10 1 2
11 1 6 7 8
12 6 7 8
13 3 4 5
14 3 4 5
15 4 5
16 3 4 5
17 8
18 1 7 8 9
19 1
20 1 2
21 1 9
22 1 9
23 5
0 0
1 3 2 1 7 2 9 1
2 3 3 1
3 2 2 1 3 1
4 1 5 1 7 2 9 1 10 1
5 2 1 1 4 2 7 3 8 1 10 1
6 3 8 1
7 4 6 1 7 2 10 1
8 2 5 1 6 1 8 2 10 1
9 1 1 2 5 1 8 1
10 3 4 1 5 1
11 3 1 2 5 1 7 1 8 3
12 2 2 2 4 1 8 2 9 1 10 1
13 4 4 1 5 1 8 2 9 1 10 1
14 5 2 1 3 1 4 1 6 1 7 1 8 1 10 1
15 1 0 1 1 1 5 1 8 1 9 1
16 4 3 1 5 1 8 1 9 1
17 2 2 1 3 2 7 1 9 1
18 1 1 1 6 1
19 2 2 2 3 2 5 2 8 2
20 1 2 1 7 2 8 3
21 4 1 1 3 1
22 2 1 1 2 1 4 1 5 2 8 2
23 2 2 1 3 1 4 1 9 1
24 1 1 2 2 1 7 1 9 2 10 1
25 3 2 1 4 1 5 2 7 1 8 1 9 1
26 1 1 2 2 1 3 1 7 1 8 1
27 3 6 1 8 1
28 2 10 1
29 4 5 1
30 1 2 1
31 2 6 1
32 3 2 2 3 1 5 1 6 1 8 1 9 1 10 1
33 1 2 1 8 1 10 1
34 2 1 1 3 1 9 2
35 1 2 1 8 2
36 3 10 1 11 1
37 2 6 1
38 1 5 1 8 1
39 3 2 1
40 3 1 2 5 1 8 2 9 1 10 1
41 1 2 1 4 1 5 1 8 1
42 4 1 1 2 2 3 1 6 1 7 1
43 5 1 2 2 1 8 1 10 1
44 1 1 1 2 3 5 1 6 1 7 1 10 1
45 3 7 1 9 1 10 1
46 2 0 1 2 2 10 1
47 4 1 1 4 1 5 1 6 2 7 1 9 2
48 1 2 1 6 1 7 2 10 1
49 3 4 1 5 2 7 1
50 3 4 1 5 2 6 1 10 1
51 4 2 1 3 1 5 1 7 4 10 1
52 4 1 2 8 1 9 1
53 1 4 1 7 2 8 2
54 3 2 2 4 1 6 1 8 3 10 1
55 3 7 1 8 1
56 1 6 1
57 2 7 1
58 2 2 1 4 1 8 2 10 2
59 2 2 1 4 1 6 1 7 2 8 1
60 3 3 1 5 1 7 1 8 2 10 1
61 0
0 1 2 3
1 4 5 7
2 8 9 17
3 6 10
4 11 33 41
5 22 23 34
6 28 56
7 15 19 39
8 20
9 10 13 16
10 14 21 35
11 12 29 30
12 34 52
13 32
14 27 44 59
15 29 35 48
16 18 25 47
17 19
18 38
19 35 55
20 22 31 53
21 24 32
22 33 40
23 30 57
24 34
25 26
26 30
27 37 40 46
28 37 43
29 46
30 49
31 36
32 49
33 36 42 44
34 38 45 54
35 51 56
36 43 52
37 45 58
38 42 43 50
39 40 54 56
40 41
41 47
42 51 55
43 51
44 47
45 53
46 49 50
47 60
48 52
49 58
50 53 58
51 57 59
52 54
53 55
54 59
55 57
56 60
57 60
58 61
59 61
60 61
61
