92 9 13
0 6 7 8
1 0 1 2 4 5
2 3 4 5 6 7 8
3 6 7 8
4 1 2
5 6 7 8
6 8
7 4 5
8 8
9 3 4 5
10 6 7 8
11 1 2
12 8
0 0
1 4 7 1 8 1
2 1 2 1 6 1 7 1
3 3 3 1 7 1 8 1
4 4 4 2
5 3 2 1 6 1 8 1
6 1 1 1 4 1 8 1
7 2 0 1 3 1 6 1 7 1
8 2 5 1 8 2
9 1 4 1 7 1
10 4 4 1 7 1 8 1
11 4 5 1
12 2 6 1 7 1 8 2
13 3 7 1 8 1
14 2 2 1 4 1 5 1 8 1
15 5 1 1 6 1 8 1
16 3 3 1 4 1 8 1
17 4 1 1
18 2 6 1 7 1
19 2 1 1 5 1
20 3 5 1
21 1 2 1 3 2
22 2 6 1 8 2
23 2 2 2 7 2
24 2 3 1 6 1 7 1
25 1 8 1
26 4 8 1
27 1 4 1 7 1
28 2 4 2 7 1 8 1
29 2 7 2
30 4 1 1 4 1 5 1
31 4 2 1
32 2 1 1 5 1 6 1
33 3 3 1 5 1 7 1 8 1
34 2 1 1 8 1
35 1 4 1
36 1 1 1
37 3 8 1
38 3 5 1 6 1
39 5 2 1 5 1 7 1 8 1
40 1 5 1
41 4 6 1
42 2 7 1 8 1
43 3 1 2 3 1 5 1
44 3 4 1
45 3 6 1 7 1 8 1
46 2 6 2 8 1
47 2 5 1 7 2 8 1
48 2 1 1 7 1
49 1 3 1 5 1 6 2
50 3 1 1 4 1 6 1 8 1
51 1 2 1 6 1
52 1 1 1 4 1 6 1
53 1 1 1 7 1
54 3 3 1 6 1 8 1
55 3 1 1 2 1
56 2 2 1 8 1
57 2 7 1
58 3 1 1 5 1
59 2 8 1
60 1 6 2 8 2
61 1 2 1
62 1 6 1 7 1 8 1
63 4 1 1 3 1 6 1
64 3 1 1
65 2 5 2 6 2
66 1 8 1
67 1 4 1 6 1 7 2
68 1 2 1
69 5 0 1 6 1
70 3 1 1 2 1 7 2
71 1 7 1 8 2
72 6 2 1 5 1 6 1 8 1
73 2 1 1 6 1 7 1 8 1
74 1 1 1 6 1 8 1
75 4 1 1 5 1 6 1
76 3 2 1 4 1
77 1 2 1 4 1 6 1
78 6 4 1 5 1 6 1 7 1
79 1 8 1
80 2 4 1 6 3
81 4 1 1 4 1 5 1 7 1
82 2 1 1 4 1 5 1 7 1
83 1 1 1 2 1 8 1
84 3 0 1 2 2 6 1
85 5 8 1
86 1 1 1 5 1 8 1
87 4 0 1
88 2 1 1
89 5 4 1 5 1
90 3 5 1
91 0
0 1 2 3
1 4 11 12
2 5 13 24
3 7 10
4 38
5 6 8 19
6 14 30 42
7 9 18 29
8 22 36 40
9 13 20 31
10 16 55 60
11 70
12 15 23 40
13 23 27 33
14 25 36 66
15 17
16 51 65 71
17 72
18 20 72
19 52 76
20 21 28 59
21 64
22 35 37 50
23 37 83
24 31 46
25 26
26 27
27 62
28 39 63 64
29 34 50 58
30 50 61 75
31 32 44 49
32 62 67
33 37
34 40
35 41 45 46
36 38 41 57
37 56 68
38 46
39 43 68
40 90
41 48 54 78
42 47
43 69
44 69
45 85
46 53 71
47 56 64 81
48 89
49 62 68
50 66 76
51 80
52 74
53 58
54 84
55 56 63 69
56 57
57 88
58 74
59 63 66 74
60 72
61 79
62 65
63 77 80
64 79
65 81
66 87
67 73 86
68 80
69 71 75
70 73 75
71 86 90
72 73 77 81
73 90
74 78 82 84
75 76 79
76 77
77 78 82
78 83 85
79 83
80 84
81 82 85
82 87
83 89
84 86 87
85 88
86 88
87 89
88 91
89 91
90 91
91
