62 15 17
0 6 7 8
1 6 7 8
2 1 4 5 9
3 1
4 1 6 7 8 9
5 1 9
6 1 9
7 4 5
8 1
9 1 3 4 5
10 1 7 8
11 0 1 2
12 1 4 5 6 7 8
13 1
14 3 4 5
15 8
16 1
0 0
1 4 3 1 10 2 14 1
2 3 6 2 10 1 11 1
3 1 6 1 9 1 11 1
4 1 0 1 7 1
5 2 3 1 14 1
6 3 3 1
7 3 4 1 11 1 14 1
8 4 6 1 8 3 10 1
9 2 3 1 11 2 14 1
10 1 4 1
11 3 6 1 8 1 11 1
12 5 2 1
13 3 0 1 5 1 8 2 14 1
14 1 8 1 10 1 11 1
15 1 4 1 8 1 11 1
16 1 4 1 10 1 14 1
17 1 11 1
18 3 1 1 6 2 8 1 11 1
19 2 4 1 10 2 11 1 14 1
20 2 4 1 5 1 6 1
21 2 11 1
22 1 4 1 11 1 14 1
23 2 10 1
24 2 4 1 7 2 11 1 14 1
25 3 2 1 3 1 5 1 6 1 8 1
26 3 6 1
27 3 14 1
28 3 8 1 10 1 11 2
29 1 8 1 9 2 13 1 14 1
30 2 2 1 4 1 9 1 11 1 13 1
31 3 3 1 4 1 5 1 8 1 11 1
32 3 4 1 8 1 10 2
33 3 4 1 11 1 13 1
34 2 4 1 11 2 14 1
35 4 4 1 8 1
36 4 5 2 13 1 14 1
37 3 10 1 13 1
38 3 4 1 8 1 10 1 11 1
39 3 6 1 8 1 9 1 11 1 14 1
40 5 2 1 8 2 11 1
41 2 2 1 8 1
42 2 4 1 5 1 6 1
43 1 10 1
44 1 11 3 13 1
45 2 11 1 14 1
46 3 8 1 11 3
47 1 4 1 8 1 11 1
48 2 11 1
49 1 8 1 10 1
50 1 0 1 4 1 8 1 11 1 12 1
51 4 5 1 11 3 13 1
52 3 4 1 7 1 11 2
53 2 4 2 9 1 11 2
54 4 5 1 6 1 8 1 11 1 14 1
55 2 8 1 11 1
56 3 3 1 6 1 7 1 11 1
57 4 11 1 13 1
58 3 4 1 5 1 6 1 8 1 11 1
59 2 7 1
60 3 3 1
61 0
0 1 2 3
1 35 49 57
2 5 6 32
3 4 18 33
4 14 23
5 16 30
6 7 8 15
7 10 13 46
8 9 12 22
9 24 47
10 11
11 34
12 17
13 19 25 26
14 37 44
15 17
16 26
17 27 44 46
18 20 35 50
19 20 21 29
20 34
21 31 38
22 28
23 28 40
24 41 42 51
25 33 36 39
26 27 41 42
27 43
28 35 36 46
29 33 40
30 48 56
31 47
32 36 56
33 53 54
34 39 40 49
35 52
36 41
37 43
38 49
39 42 55
40 56
41 45
42 60
43 48 51
44 45 48 50
45 57
46 54
47 54
48 60
49 51 52
50 53 59
51 55
52 53
53 58
54 55 57 58
55 60
56 58 59
57 59
58 61
59 61
60 61
61
