62 15 20
0 8
1 1 8
2 0 1 2
3 1 6 7 8
4 7 8
5 3 4 5
6 2 3 4 5
7 1 9
8 4 5
9 1
10 1
11 1 2
12 1 2
13 5
14 6 7 8
15 3 4 5
16 6 7 8
17 1 5
18 3 4 5
19 2
0 0
1 4 5 1 8 1 12 1
2 1 2 1 4 1
3 2 7 1
4 3 8 1
5 3 4 1 5 1 6 1 8 1 12 1 13 1
6 1 5 1
7 2 3 1 6 2 11 1 12 1
8 6 4 1 5 1
9 3 4 2 5 1 8 1 9 1 13 1
10 2 2 1 5 1 8 1 12 1
11 2 3 1 4 1 7 1 8 1
12 1 4 1 8 1 9 1 12 1 13 2
13 3 5 2 8 1 12 1
14 2 5 2 6 1 8 1 13 1
15 2 2 1 5 1 11 1 13 3
16 2 1 1 5 1 7 1 8 1 9 1 13 1
17 1 6 1
18 3 2 2 3 2 6 1 7 1
19 3 7 1
20 4 2 1 3 1 4 1 6 1 12 2
21 2 7 1 14 1
22 2 4 1
23 2 1 1
24 2 1 1 5 1
25 3 4 1 11 1
26 1 1 1 3 1 5 1 7 1 11 1
27 4 4 1 5 1 9 1 12 1
28 4 5 2 12 1 13 1
29 2 5 2 12 1
30 2 3 1 7 1 9 1 11 1 13 1
31 2 3 1 5 1 6 1
32 3 3 1 5 2 8 1 11 1 12 1
33 2 8 1 13 1
34 4 5 1 12 1
35 1 5 1 8 1 13 2
36 1 7 1 8 1
37 4 1 1
38 2 2 1 5 1
39 3 5 1 8 1 13 1
40 1 3 1 8 1 10 1 12 1 13 1
41 1 7 1 13 1
42 1 2 1 3 1 5 1 11 1 12 1 13 1
43 2 5 2 7 1 11 1 12 1 13 1
44 3 2 2 5 1 6 1 8 1 13 1
45 2 3 1 8 1
46 5 2 2 5 1 10 1 12 2
47 3 5 1 8 1
48 3 1 1 12 1 13 2
49 1 0 1 2 1 4 1 8 1
50 3 7 1
51 3 1 1 5 1 6 1 13 1
52 4 4 1 5 1 8 1
53 4 3 1 4 1 6 1 8 1 13 1
54 1 7 1 11 1
55 2 2 1 5 2 8 2
56 2 11 1
57 1 5 1 7 2
58 4 1 1 3 1 6 1 8 2 12 1
59 4 1 1 3 1 4 1 5 1 6 1 13 1
60 2 2 1 3 1 8 1
61 0
0 1 2 3
1 4 5 8
2 12 27 50
3 6 11 15
4 9 10 14
5 7 25 39
6 20 26 58
7 12 14 16
8 24 30 34
9 17 28 37
10 16 33 34
11 29
12 13 32 41
13 20 28 37
14 23 40 52
15 18 28 31
16 29 31
17 19 21
18 48
19 20 22
20 47 52 53
21 29
22 25 26 32
23 38 43
24 37
25 35 36 41
26 33 39 41
27 33 42 49
28 54
29 40 45
30 32 35 53
31 36 38
32 44 46 47
33 43
34 36 39
35 38 46 51
36 44 49 51
37 42 44 47
38 45 49 54
39 40 45
40 43 50
41 42 48
42 46 51
43 48
44 58 60
45 50 56
46 54
47 56 60
48 53 57
49 55 58
50 55
51 52 56
52 59
53 55
54 57
55 59 60
56 57
57 59
58 61
59 61
60 61
61
