92 9 12
0 2 3 4 5
1 4 5
2 5 6 7 8
3 3 4 5 6 7 8
4 6 7 8
5 7 8
6 0 1 2 6 7 8
7 7 8
8 1 2 5
9 2 4 5
10 8
11 6 7 8
0 0
1 2 5 1 7 1
2 3 7 2
3 1 3 1 5 1 7 2
4 2 2 1 4 1
5 5 1 1 2 1 6 1 7 1
6 1 2 1 5 1 7 2
7 2 2 1 8 1
8 4 2 1 3 1 7 2
9 1 7 1
10 4 6 1 7 1
11 2 1 1 6 1 7 1 8 1
12 2 2 1 7 2
13 1 3 1 7 1
14 4 2 1 4 1 5 1 7 1
15 1 1 1 3 1 7 1 8 1
16 1 5 1
17 2 6 1
18 2 7 1
19 1 4 1 7 3
20 3 1 1 3 1 7 1
21 3 6 1 7 1 8 1
22 1 2 1 5 2 8 1
23 4 1 1 4 1 7 1
24 3 2 1 4 1
25 1 2 2 4 1
26 5 6 1 7 2
27 2 2 1 5 1 6 2
28 3 2 1 6 1 7 1
29 6 1 1 6 1 7 1
30 2 6 1 7 1
31 4 5 1
32 4 7 1 8 1
33 2 1 1 2 1
34 3 2 1
35 2 4 1 7 1
36 4 4 1 7 1 8 1
37 3 0 1 6 1
38 2 2 1 7 1
39 3 2 1 5 2
40 3 2 1 6 1 8 1
41 3 4 1 5 1 7 2
42 5 2 1
43 6 7 1
44 3 2 1
45 2 2 1 6 1 7 2
46 1 5 1 6 1 7 1
47 4 2 1 5 1 6 1
48 1 7 3 8 1
49 2 4 1 7 1
50 2 1 1 6 1 7 1
51 3 6 1 7 1
52 1 2 1 4 2
53 4 5 1 6 1
54 1 0 1 2 1 4 1
55 3 4 1 5 1 8 1
56 3 6 1
57 1 7 1
58 2 5 1 7 3
59 3 6 1
60 2 2 2 5 1 8 1
61 2 7 1
62 1 4 1 6 1
63 2 0 1 5 1
64 4 4 1 6 1 7 1 8 1
65 3 1 1 2 1 4 1 6 1
66 6 4 1 5 1 6 1 7 1
67 4 2 1 5 1 7 2
68 2 5 1 7 1
69 3 6 1 7 1
70 1 7 1 8 1
71 3 3 1 4 1 6 1 8 1
72 1 6 1
73 2 5 1 7 1
74 5 6 1 7 2
75 1 2 1
76 1 5 1
77 1 4 1 7 1
78 2 6 2 7 1 8 1
79 3 5 2 7 1
80 2 5 1
81 2 2 1 4 1 5 1
82 1 6 1 7 2
83 3 0 1
84 1 8 1
85 3 5 1 6 1 8 1
86 2 7 1
87 2 6 1 7 1
88 3 5 1 6 1 8 1
89 5 5 3 8 1
90 2 2 1
91 0
0 1 2 3
1 6 8 10
2 5 22 41
3 4 7 13
4 9 31
5 15 20 52
6 11
7 12 14 28
8 32 48
9 49
10 16 19 21
11 18 30 61
12 24 63
13 17 62 80
14 25 43
15 39 77
16 23 58 71
17 53
18 27 84 88
19 75
20 33
21 34
22 26 37 40
23 29 35 46
24 36
25 86
26 53 73 85
27 81
28 82
29 54
30 56 76
31 45 51
32 55 67
33 66
34 89
35 42 49 51
36 38 39 47
37 57 73 84
38 72
39 44
40 50 72
41 64
42 70
43 89
44 59
45 60
46 87
47 65
48 83
49 53
50 74
51 69
52 57
53 64
54 78
55 78
56 65
57 64
58 78
59 89
60 74
61 73
62 65 79
63 76
64 74
65 66
66 86
67 68 72
68 69
69 88
70 81
71 75
72 82
73 77
74 75
75 76 77 82
76 88
77 83
78 81
79 85
80 84
81 90
82 83
83 86
84 85
85 87
86 90
87 90
88 91
89 91
90 91
91
