92 9 11
0 3 4 5
1 4 5 6 7 8
2 6 7 8
3 3 4 5 7 8
4 5 8
5 1 2 6 7 8
6 1 2
7 6 7 8
8 5
9 0 1 2 3 4 5 7 8
10 5
0 0
1 1 6 1
2 3 7 1
3 7 7 2
4 2 5 3
5 1 5 1
6 2 1 1 4 1
7 2 3 1 5 1 7 1
8 2 5 1
9 6 4 1 5 1
10 1 6 1
11 2 5 1
12 3 4 1
13 1 5 1
14 4 4 1 6 2
15 3 2 1 5 1 7 1
16 1 5 2 6 1
17 5 3 1
18 3 5 1
19 3 5 1
20 2 3 1 5 1
21 1 3 1 5 1 7 1
22 2 5 1
23 1 1 1 5 1 7 1
24 6 5 1 7 2
25 3 5 1 6 1
26 3 1 1 5 1 7 1
27 3 4 1
28 2 7 2
29 2 2 1 7 1
30 3 4 1
31 2 2 1
32 2 2 1 7 1
33 4 5 1 7 1
34 4 5 1
35 1 2 1 5 1
36 2 2 1 5 1
37 3 5 1
38 4 2 1 5 1 7 1
39 3 4 1
40 3 5 1
41 3 7 1
42 2 5 1 7 1
43 3 3 1 5 2
44 1 2 1 7 1
45 4 2 1 3 1 6 1
46 3 5 1
47 1 6 2
48 3 5 2 6 1
49 2 7 2 8 1
50 1 4 1 5 1 7 1
51 2 1 1 4 1
52 3 5 3
53 5 5 1
54 3 2 1 5 1
55 1 3 1 4 1 5 1
56 3 4 1
57 2 5 1
58 4 3 1
59 1 1 1 5 1
60 4 5 2 7 1
61 4 7 1
62 2 2 1 5 1 6 1
63 2 5 1
64 4 1 1 5 1
65 3 3 1 5 1 7 1
66 4 3 1 6 1
67 3 0 1 2 1
68 2 2 1 4 1 7 1
69 3 5 1 7 1
70 3 5 1 7 1
71 2 5 1 6 1
72 2 6 1
73 4 4 1 5 1 6 1
74 4 7 1
75 3 5 2
76 1 7 1
77 3 4 2 5 1
78 3 5 1
79 5 1 1 5 1
80 5 5 2 7 1
81 4 4 1 7 2
82 3 0 1
83 1 2 1
84 4 5 2 7 1
85 2 1 1 7 2
86 5 3 1 5 1 6 1
87 1 4 1 5 1 7 1
88 2 1 1
89 1 1 1
90 1 1 1 7 2
91 0
0 1 2 3
1 4 5 17
2 13 31 34
3 8 15 23
4 6 11 47
5 7 9 21
6 10 16 19
7 12 26
8 14 18
9 76
10 51
11 33 40
12 29 46 50
13 22 25 87
14 52
15 16 58 88
16 43
17 20 28 58
18 84
19 24 54
20 53
21 26 45
22 32 40
23 24 26 27
24 33 59
25 35 37 56
26 38 51 68
27 39 65 80
28 29 51
29 30 37 67
30 59 86
31 60
32 48 56 60
33 35
34 36 53 75
35 69 77 90
36 71 81 83
37 41
38 48 56 73
39 41 42 74
40 49 70 75
41 68
42 55 64 79
43 44
44 49
45 57 61
46 68 74
47 64 72
48 54
49 73
50 63
51 59 62 76
52 63 72
53 69 77
54 70
55 78
56 75 83
57 60 87
58 66 78
59 72 78
60 62
61 62 89
62 65
63 65 66 77
64 67 69
65 90
66 79
67 73
68 82
69 81
70 74
71 80 82
72 82
73 83
74 90
75 79
76 87
77 80 84
78 81
79 86
80 85 88
81 85
82 85
83 84
84 86
85 89
86 89
87 88
88 91
89 91
90 91
91
