62 12 21
0 7 8
1 2
2 0 1 2 8
3 4 5
4 1 9
5 1 4 5
6 2
7 3 4 5
8 5
9 3 4 5
10 1
11 1 2
12 1 9
13 1 3 4 5 8
14 2
15 1 9
16 1 3 4 5 6 7 8
17 6 7 8
18 2
19 1 9
20 3 4 5
0 0
1 2 1 1 2 2 4 1 5 1 7 1
2 2 2 1
3 1 2 1 3 1 5 1 10 1
4 1 2 3 4 1 9 1
5 3 1 1 2 1 4 1 5 1 7 1 10 2
6 2 0 1 4 1
7 3 10 1
8 3 5 2 8 1 10 2
9 2 2 2 5 3 7 1 8 1
10 1 9 1 10 1
11 3 4 1
12 5 7 1 8 2 9 1 10 1
13 1 6 1
14 4 2 2 3 1 5 1 7 1 10 1
15 2 7 1
16 4 0 1 2 1 5 1 9 1
17 3 2 1 4 1
18 1 2 2 5 2 8 1 10 2
19 5 1 1 8 1
20 3 2 1 3 1 5 1 8 1 10 3
21 5 2 1 5 1
22 3 2 2 10 1
23 4 2 1 5 2
24 2 4 2
25 1 1 1 2 1 4 2 8 1 9 1
26 3 2 1 5 1
27 4 0 1 1 1 5 1 8 1 10 1
28 4 2 2 9 1
29 2 1 1 2 1 4 3
30 2 7 1
31 2 2 1 10 1
32 2 2 2 5 1 7 1 9 1 10 1
33 3 5 1
34 4 2 4 5 2 10 1
35 2 3 1 5 1 8 1
36 5 2 2 3 1 5 1 10 1
37 2 2 1
38 2 2 1 5 2 7 1 10 1
39 2 1 1 2 1 4 2 6 1 9 1 10 1
40 3 7 1 9 1
41 4 10 1
42 6 2 1 9 1
43 1 2 2 9 1
44 3 3 1 4 1 8 1 10 4
45 3 1 1 2 2 3 1 5 2 9 1
46 3 2 1 4 1 5 2 7 1 8 1
47 2 5 1
48 2 1 1 2 2 4 1 9 1
49 4 5 1
50 2 10 1
51 3 2 1 9 1
52 7 2 2 3 1 8 1 9 2
53 2 2 1 3 1 5 2 10 1
54 4 2 1 4 2 6 1
55 2 1 1 4 1 5 1
56 4 2 1 4 1 6 1 7 1 11 1
57 2 1 1 2 2 4 1 5 1 10 1
58 2 2 1 3 1 7 1 9 1 10 1
59 4 2 1 10 1
60 5 2 1 4 2 5 2 9 1
61 0
0 1 2 3
1 31
2 4 5 8
3 6 7 11
4 17 18 23
5 9 15 16
6 10 14 50
7 25 27
8 14 16 31
9 19 24 25
10 12 20 36
11 13 16 21
12 46 56 58
13 18 28
14 18 26
15 22 23 26
16 33 37 54
17 21 25 39
18 39 42 45
19 22 28 48
20 33 38
21 26 29 35
22 49
23 37 51
24 29 35 36
25 30 32 38
26 34 44 59
27 35 40 53
28 34 36 44
29 32 40 47
30 31 43 52
31 41 45 48
32 49
33 34 42 43
34 52 60
35 37 50
36 43 45
37 52
38 41 42 44
39 40 41 60
40 55 56
41 49
42 48
43 59
44 46 47
45 47 51 53
46 53 54
47 54
48 55
49 58
50 51 57
51 56
52 55
53 57
54 57
55 58
56 59
57 60
58 61
59 61
60 61
61
