92 15 23
0 1
1 7 8
2 1 7 8 9
3 8
4 6 7 8
5 3 4 5
6 1
7 8
8 1 9
9 6 7 8
10 7 8
11 1 9
12 6 7 8
13 1
14 0 1 2
15 6 7 8
16 3 4 5
17 5
18 7 8
19 6 7 8
20 1
21 3 4 5
22 7 8
0 0
1 3 4 1 5 2 7 2 13 1
2 3 3 1 6 1 7 2 8 1 11 1 13 1
3 3 4 1 6 1 8 1 11 1
4 3 9 1
5 2 7 1
6 3 1 1 5 1 8 1
7 3 1 1 5 1 6 2 12 1
8 2 6 1 7 1 13 1
9 2 8 3 9 1 11 1 12 1 13 1
10 2 4 1 5 1 6 1 7 1 8 1 11 1
11 3 7 1 9 1
12 4 3 1 6 1 8 1
13 4 1 1 5 1 6 2 8 1 11 1 13 1
14 1 0 1 4 1 7 1 8 1 11 2 13 1
15 4 3 1 12 1
16 2 3 1 13 1
17 3 5 1 8 2 11 1
18 7 7 1 11 1 13 1
19 4 6 1 7 3 8 2 13 1
20 6 8 1
21 3 0 1 4 2 6 1 7 1 11 2
22 5 0 1 10 1 11 1
23 1 7 2 8 2 9 1
24 3 3 1 5 1 8 4 13 1
25 3 4 1 5 1 8 1
26 3 7 1 8 1 12 1
27 4 6 1 8 3 12 1 13 1
28 3 5 1 7 1 8 1
29 4 7 1 8 5
30 1 3 1 7 1 9 1 11 1
31 4 6 1 7 1
32 5 1 1 8 2 11 1
33 1 8 1
34 3 5 2 6 1 8 2 9 1
35 4 0 1 13 1
36 2 3 1 4 1 7 2 8 1 11 1 13 1
37 1 7 1 8 2 13 1
38 2 4 1 5 1 7 1 8 1 12 1 13 1
39 4 5 2 6 1 8 2 9 1 11 1
40 3 8 2 11 1
41 1 2 1 6 2 9 1
42 2 2 1 3 1 4 1 7 1 11 1
43 2 7 1 8 2 11 1 13 1
44 3 2 1 5 1 12 1
45 3 4 1 6 1 8 1 9 1
46 3 5 1 8 3 10 1 13 1
47 5 5 1 8 2
48 2 8 1 13 2
49 5 2 1
50 2 3 1 5 1 8 1 12 1 13 1
51 2 6 1
52 6 5 1 7 1 8 3
53 3 0 1 7 1 14 1
54 2 4 1 7 3 13 2
55 2 0 1 3 1 7 1 8 1 13 1
56 3 4 1 6 1 7 2 8 1 11 1
57 1 1 1 7 1 11 1 13 1
58 2 2 1 4 1 5 1 13 1
59 4 6 1
60 3 2 1 5 1 6 1 7 1 8 1 12 1
61 4 7 1 8 4 11 1 13 1
62 3 1 1 6 2 8 1 11 1
63 2 7 1 10 1
64 3 3 1 5 1 6 2 8 1 12 1 13 1
65 3 8 1
66 2 3 1 8 2 11 2
67 3 6 1 7 1 8 1 10 1 11 1
68 3 2 1 4 1 5 1 8 1 11 1 13 1
69 6 7 1 8 1
70 2 1 1 4 1 7 1 8 1 11 1
71 3 6 1 7 1 8 1 11 1
72 2 8 2 13 1
73 3 11 1
74 2 7 1 8 2
75 1 5 1 7 2 9 1 13 1
76 3 3 1 7 1 8 1
77 2 5 1 6 2 7 2 8 1 13 1
78 4 6 1 11 1
79 1 5 2 11 1
80 1 5 1 6 1 8 2 11 1 13 1
81 1 6 1 7 1 8 1
82 4 8 1 10 1
83 3 5 1
84 5 5 1 7 3 8 1 12 1
85 2 6 1 7 1 8 2 11 1
86 8 3 1 7 1 8 1 11 1 12 1
87 2 3 1 5 1 6 1 7 1 13 2
88 2 3 1 7 1 8 1 12 1
89 4 7 2 8 1
90 1 7 1
91 0
0 1 2 3
1 4 12 25
2 5 7 8
3 9 10 13
4 14 19 26
5 6 24 37
6 11 22 50
7 21 79 81
8 30 54 83
9 15 18 24
10 20 23 29
11 31 62 84
12 17 32 68
13 16 38 52
14 16 58 70
15 22 45 52
16 41 57
17 33 82
18 57 58 59
19 36 48 60
20 25 28 45
21 31 48 72
22 32 39 46
23 32 55 66
24 34 44 46
25 27 34 43
26 35 52 81
27 54 60
28 39 44 64
29 35 40 56
30 49
31 36
32 47 75 78
33 35 43 48
34 50 64
35 36 67
36 59 85
37 39 54 75
38 42 49
39 42 47
40 41 53 69
41 45 80 88
42 51
43 44 79
44 47
45 62
46 51 65 85
47 56 88
48 56 66
49 78 80 81
50 55 59 61
51 58
52 57 71
53 65
54 78
55 60 63 85
56 67 86
57 61 64
58 62 71 88
59 66
60 69 70 77
61 63 68 76
62 67 74
63 72
64 68
65 70 72
66 69 77
67 76
68 73 77
69 87
70 71
71 73 74 76
72 73 74 75
73 80
74 82 83
75 89
76 87
77 83
78 79
79 84
80 82 84
81 87
82 86
83 89
84 90
85 86 90
86 89
87 90
88 91
89 91
90 91
91
