92 9 8
0 8
1 8
2 1 2 6 7 8
3 7 8
4 3 4 5 6 7 8
5 2 6 7 8
6 0 1 2 3 4 5
7 3 4 5
0 0
1 2 6 2
2 2 7 1 8 1
3 3 8 1
4 3 7 1
5 1 7 2
6 1 8 1
7 3 7 1
8 3 7 1
9 5 4 1 8 1
10 3 4 1 7 1
11 3 7 1 8 1
12 2 8 1
13 2 7 1
14 3 2 1 6 1
15 3 7 1
16 3 3 1 8 1
17 1 7 1 8 1
18 2 3 1 8 1
19 1 2 1 7 1
20 5 4 1
21 3 6 1 8 1
22 2 6 1 7 1
23 4 6 1 8 1
24 2 7 1
25 6 2 1
26 3 6 1 7 1
27 1 7 1
28 3 0 1 4 1
29 1 7 1 8 1
30 3 6 1 7 1
31 4 7 1 8 1
32 2 7 1
33 1 6 1
34 3 7 1 8 1
35 2 8 1
36 1 4 1
37 2 2 1 7 1
38 5 8 1
39 2 2 1 6 1
40 2 7 1 8 1
41 3 3 1
42 2 6 1 8 1
43 3 7 1
44 3 6 1
45 2 6 1 8 1
46 1 6 1
47 4 4 1 7 1
48 2 7 1 8 1
49 4 4 1
50 2 4 1 8 1
51 3 6 1 8 1
52 2 6 1 7 1
53 2 6 1 8 1
54 3 8 2
55 2 2 1 8 1
56 2 8 1
57 3 7 1 8 1
58 4 7 1 8 1
59 2 8 1
60 2 8 1
61 2 8 1
62 2 8 2
63 1 7 1
64 2 6 1
65 1 1 1 8 1
66 1 8 1
67 2 0 1 7 1
68 4 7 1 8 1
69 1 7 1 8 1
70 2 1 1 8 1
71 2 5 1 8 1
72 1 1 1 2 1
73 2 5 1 8 1
74 3 7 1
75 3 5 1
76 5 1 1
77 2 7 1 8 1
78 2 3 1
79 4 4 1 8 1
80 3 6 1 8 1
81 2 7 1
82 3 7 1 8 1
83 3 3 1
84 3 1 1 6 1
85 1 3 1 8 1
86 1 7 1
87 2 8 1
88 2 7 1
89 3 7 1
90 3 1 1
91 0
0 1 2 3
1 15 22 35
2 10 38
3 4 6 8
4 5 7 17
5 13 42 62
6 9 37 46
7 11 16 31
8 38 43 78
9 19 30 52
10 12 29 46
11 26 32 54
12 21 37 71
13 14 20 28
14 29
15 63
16 36 41 84
17 18 56 74
18 35 42 51
19 45 54 70
20 23 29 57
21 25 33 34
22 24 28 53
23 31 38 53
24 50
25 27 56 58
26 30 33 34
27 47 73 90
28 46 52 65
29 36 66 67
30 39 57 74
31 86
32 40 72 87
33 47 63 79
34 49 50 60
35 58 61
36 64 75
37 43
38 59 69 76
39 44 60
40 43 49 55
41 49 50 54
42 47 48 55
43 48 53 77
44 55 62
45 48 57 63
46 56 66
47 59
48 68 80
49 68 69 82
50 61 83 88
51 64 65
52 61 74 78
53 59 68
54 60 71 76
55 58 70
56 70 81
57 80
58 67
59 64
60 72 87 88
61 73 79
62 65 67 69
63 66 82 88
64 83
65 71
66 72
67 78
68 76 89
69 85
70 77 84
71 75
72 73 77
73 80
74 75
75 82 87
76 79
77 86
78 81 84
79 81
80 85
81 86
82 83
83 85
84 89
85 89
86 90
87 90
88 91
89 91
90 91
91
