92 15 17
0 1 6 7 8
1 1 9
2 1 6 7 8
3 1
4 1
5 1 9
6 8
7 1
8 6 7 8
9 1 3 4 5
10 1
11 1 2 7 8 9
12 0 1 2 3 4 5
13 7 8
14 1 9
15 1
16 6 7 8
0 0
1 5 9 1 11 2 12 1
2 3 8 1
3 2 0 1 10 1
4 1 10 1
5 1 6 1 7 1 8 1 10 2
6 3 5 1 11 2
7 1 8 1 11 2 12 1
8 3 7 1 8 2
9 2 6 1 7 1 10 1
10 2 1 1 9 1 11 1 12 1
11 1 8 3 11 1 12 1
12 2 7 1 10 2 11 2
13 1 3 2 11 2
14 4 0 1 6 1 11 1
15 3 8 1 10 1
16 1 9 1 10 1 11 2 12 1
17 2 8 1 9 2
18 3 8 1 9 1 10 1 11 1
19 4 9 2 11 2
20 1 7 1
21 3 10 2 11 2 13 1
22 3 8 1 11 1
23 1 3 1 8 1
24 2 4 1 8 1
25 1 7 1
26 1 11 1
27 1 10 2 11 2
28 2 11 2
29 3 5 2 10 1 11 1
30 2 8 1 9 1 10 1 11 2
31 2 6 1 8 1 10 1
32 3 6 1 7 1 10 1 11 2
33 1 8 2 9 1
34 3 4 1 6 1 7 1 8 1 11 1
35 2 12 2
36 2 3 1 6 1 8 1 9 1 11 1
37 2 9 1 13 1
38 2 4 1 8 3 11 1
39 2 9 1 11 1
40 1 11 1
41 2 11 1
42 2 10 1
43 2 2 1 5 1 6 1 7 1 9 1
44 3 8 1 11 3
45 3 6 1 8 2 10 1 13 1
46 1 7 1 8 1 10 1
47 2 6 1 10 1
48 1 9 1 11 3
49 1 7 1 8 1 11 1 12 1
50 4 4 1 7 1 11 2
51 4 8 1 11 4
52 2 1 1 8 1 9 1 10 1 13 1
53 2 11 1
54 1 9 1 11 1
55 2 1 1 5 1 6 1 8 1
56 3 8 2 11 3
57 1 7 1
58 3 1 1 5 1 6 1 7 1 11 1
59 1 8 2 11 2
60 1 4 1 7 1 9 1 13 1
61 1 8 2 11 2
62 5 5 1 10 1 11 1
63 1 2 1 3 1 8 1 10 1 11 1
64 3 4 1 11 2
65 3 13 1
66 3 6 1 7 1 8 1 11 2
67 2 4 1 7 1
68 1 9 1 11 2 13 1
69 1 6 1 10 1 11 1
70 5 3 1 6 1 9 1 11 1
71 4 3 1 11 2
72 2 0 1 7 1 10 1 11 1 13 1
73 3 6 1 9 1
74 2 8 1 10 1 13 2
75 3 6 1 10 1 11 1 12 1
76 1 8 2
77 2 8 1
78 2 5 1 7 1 9 1 11 1
79 1 6 1 7 1 9 1 10 1 11 1
80 1 11 3 12 1
81 2 10 1 11 1
82 3 8 2 11 1 13 1
83 1 8 2 10 1 11 1 14 1
84 3 6 1 8 1 10 1 11 2
85 1 7 1 9 1 11 2 12 1
86 2 6 1 10 1 11 1
87 1 4 1 8 1 11 3
88 2 6 1 7 1 8 1 10 1 11 1
89 1 9 1 10 2 11 2
90 3 7 1 10 1
91 0
0 1 2 3
1 4 8 77
2 7 14 18
3 10 32 55
4 5 20 36
5 6 12 16
6 11 31 41
7 9 34 44
8 20 34 41
9 68
10 30 50 60
11 13 17 49
12 15 23 25
13 24 46 59
14 19 83
15 50
16 28 35 38
17 22 57
18 29 60
19 22 36 72
20 21 76
21 27 37 64
22 28 38
23 41
24 26 33 42
25 39
26 43 44 51
27 65
28 63
29 39 54
30 72
31 46 51 68
32 84
33 55 58 67
34 48
35 40 70 82
36 58 61 87
37 47 81
38 45 52 85
39 56 73
40 59 83
41 48 51
42 78 90
43 67
44 50 52
45 66 76
46 83
47 55
48 68
49 71
50 61 75
51 53 64
52 56 80
53 85
54 69 78
55 65 70 75
56 61
57 62 81
58 90
59 86
60 69
61 76
62 66
63 74
64 66 67
65 73 79
66 75
67 88
68 71
69 72
70 73
71 74 78
72 74 77
73 88
74 82 84
75 79 84
76 89
77 80 81
78 79 80
79 82
80 86 87
81 86
82 87
83 85
84 90
85 88
86 89
87 89
88 91
89 91
90 91
91
