92 15 24
0 5 6 7 8
1 1
2 1
3 1 2
4 2
5 4 5
6 3 4 5
7 5
8 1 3 4 5 9
9 0 1 2
10 1
11 4 5
12 1 9
13 1 9
14 4 5
15 2
16 1 7 8
17 6 7 8
18 1
19 5
20 4 5
21 3 4 5
22 1 9
23 6 7 8
0 0
1 3 2 1 4 1 5 2 9 1 10 1 11 1 12 1
2 3 1 1 2 1 4 1 7 1 10 1 11 1 12 1
3 3 7 1
4 3 3 1 5 1 10 1
5 1 11 1 13 1
6 1 1 1 2 1 5 1 7 1 11 1 13 1
7 4 3 1 4 2 11 1
8 1 2 1 4 1 5 2 7 1 9 2
9 2 1 1 4 1 5 1 10 1
10 2 2 2 3 1 5 1 11 2
11 2 2 1 5 3 6 1 7 1 11 1 12 1
12 4 4 1 5 1 11 1
13 4 2 1 3 1 5 2 7 1 9 1 11 1 13 1
14 4 13 1
15 1 10 1 13 1
16 1 2 2 3 1 5 1 8 1 11 2
17 2 3 1 8 1
18 3 5 3 6 2 11 2
19 3 2 1 5 5 7 1
20 2 0 1 2 2 5 1 10 1 11 1 12 1
21 1 4 2 5 2 7 1
22 1 5 1 10 1 11 1
23 3 1 1 8 1
24 3 0 1 4 1 10 1 11 1
25 3 4 1 5 1 9 1 10 1 11 1
26 5 1 1 2 1 4 1 5 2 9 1 11 1 13 1
27 3 5 1 9 1 11 2 12 1 13 1
28 3 2 1
29 3 2 1 4 1 11 3
30 2 2 1 3 1 5 3 9 1 11 1 12 1
31 3 2 1 4 1 5 2
32 5 5 1 14 1
33 3 2 2 5 1 7 1 8 1 9 1 11 1
34 2 2 1 4 1 5 3 11 1
35 3 1 1 2 1 4 1 7 1 10 1 13 1
36 2 0 1 4 1 5 1 9 1 12 1
37 3 5 1
38 2 7 1 11 1 13 1
39 2 2 2 3 1 5 2 9 1 11 1
40 2 4 1 7 1 10 1 12 1
41 3 4 2 5 2 11 2
42 5 13 1
43 2 5 1
44 1 4 1 5 3 11 3
45 2 4 3 11 1 13 2
46 3 4 1 5 2 10 1 11 1 13 1
47 6 2 1
48 2 1 1 2 2 3 1 4 1 5 2 7 1
49 4 8 1 11 1 13 1
50 3 4 1 5 1 10 1
51 4 2 1 5 1
52 1 11 1 13 1
53 2 4 1
54 3 2 1 3 1 6 1
55 7 2 1 4 1 5 2 12 1
56 4 2 2 5 2 8 1 10 1
57 3 3 1 5 2 11 1
58 3 4 1 9 1 12 1
59 2 5 1 7 1 10 1
60 2 5 3
61 2 2 1 5 2
62 4 5 1 11 1
63 4 2 2 3 1 4 1 5 1 10 1 11 1 13 1
64 3 2 1 4 1 5 2 11 1 12 1
65 4 0 1 2 1 4 1 5 1 11 1
66 4 5 1 11 1
67 2 10 1
68 2 3 1 8 2
69 1 2 1 11 1
70 2 5 1 10 1 13 1
71 4 5 1 7 1 11 1 13 1
72 1 2 1 5 3 11 1
73 4 0 1 4 1 8 1 9 1 13 1
74 6 5 1 8 1 13 1
75 2 3 1 4 1 5 1
76 3 0 1 2 2 5 1 13 1
77 2 1 1 5 2
78 3 2 1 4 1 5 1 8 1 10 1
79 1 2 1 3 1 4 1
80 3 2 1 4 1 5 1 10 1 11 1
81 4 5 2
82 1 1 1 2 1 4 2 5 1 9 2
83 4 5 1
84 4 5 1
85 3 8 1
86 5 3 1 5 2 7 1 8 1 10 1 11 1
87 1 3 1 11 2 12 1
88 3 10 1
89 2 4 1
90 2 2 2 4 1 11 3 13 2
91 0
0 1 2 3
1 10 23
2 6 7 14
3 4 5 18
4 9 29 90
5 8 21 25
6 22 26
7 41
8 16 24 60
9 12 51
10 11 28 44
11 13 15 17
12 82
13 55
14 19 34 35
15 37
16 64
17 20 46 65
18 70
19 27 32
20 31 56 87
21 62
22 33 69
23 30 46 66
24 69
25 36 38 53
26 48
27 40 62 76
28 43
29 84
30 81
31 50 70
32 51 52 77
33 72
34 54
35 39 42 47
36 45 60
37 81
38 58
39 62
40 72 75 85
41 49
42 76
43 57
44 67
45 89
46 53
47 49
48 67
49 86
50 71
51 60
52 80
53 83
54 61
55 59 68 79
56 78
57 58 75
58 84
59 71 73
60 73
61 63
62 69
63 74
64 84
65 78
66 85
67 77
68 72 82
69 71
70 77
71 80 89
72 89
73 78
74 79
75 82
76 85
77 83
78 86
79 81
80 90
81 88
82 87
83 90
84 86
85 87
86 88
87 88
88 91
89 91
90 91
91
