32 9 9
0 7 8
1 0 1 2 4 5 6 7 8
2 6 7 8
3 3 4 5
4 2 5
5 1 2 7 8
6 4 5 6 7 8
7 2 5
8 1 2
0 0
1 2 1 1 2 2
2 2 4 1 6 1
3 1 7 2
4 2 1 2 7 1
5 1 7 1
6 4 2 1 3 1 7 1
7 3 2 1
8 1 5 1 7 1
9 3 5 1 7 1
10 2 1 1
11 2 4 1
12 2 2 1 5 1 7 1
13 4 4 1 6 1
14 1 7 1
15 1 2 1
16 2 5 1
17 1 6 1 7 2
18 2 5 1
19 2 5 1
20 4 2 2 7 1
21 2 2 1
22 1 5 1 7 2
23 2 3 1
24 3 2 1
25 4 2 1 7 2
26 3 0 1 5 1
27 3 2 1 7 1
28 3 7 2 8 1
29 4 7 1
30 2 3 1 5 1 6 1
31 0
0 1 2 3
1 6
2 7 12
3 4 5 17
4 10 14
5 8 11 16
6 9 19
7 21 25
8 15 23
9 24 28
10 12
11 27 29
12 13 18 28
13 22
14 26
15 26
16 18
17 24
18 20
19 23 29
20 24
21 30
22 26
23 25 30
24 30
25 27
26 29
27 28
28 31
29 31
30 31
31
