32 9 8
0 6 7 8
1 2 3 4 5 8
2 2 3 4 5
3 7 8
4 6 7 8
5 0 1 2
6 7 8
7 7 8
0 0
1 2 2 1
2 2 2 1 7 1
3 2 7 1
4 3 3 1 6 1
5 2 7 1
6 2 7 1
7 6 2 1 5 1
8 7 6 1
9 4 6 1 7 1
10 2 7 1
11 1 7 1
12 3 0 1
13 2 2 1 7 1
14 2 3 1 6 1
15 4 1 1
16 3 6 1
17 2 3 1
18 2 1 1 7 1
19 2 7 2
20 1 6 1
21 3 7 1
22 1 7 1
23 5 5 1 7 1
24 1 6 1
25 1 5 1
26 5 4 1 6 1
27 1 7 2
28 1 7 1 8 1
29 4 5 1
30 1 5 1 7 1
31 0
0 1 2 3
1 4 12 21
2 5 7
3 6 10 25
4 11 17
5 15
6 8 16
7 9 14
8 26
9 13
10 19 26
11 25
12 15
13 18 20 30
14 24
15 22 27
16 19 24
17 25 29
18 19
19 28
20 23
21 24 30
22 28
23 27
24 26
25 27
26 29
27 28
28 31
29 31
30 31
31
