32 15 26
0 2
1 2
2 1
3 1
4 3 4 5
5 1 9
6 1 6 7 8 9
7 1
8 1 6 7 8
9 1
10 0 1 2
11 8
12 1 9
13 5
14 1 9
15 5
16 1
17 3 4 5
18 1 3 4 5
19 2 3 4 5
20 6 7 8
21 1 2
22 1 2
23 3 4 5
24 8
25 1
0 0
1 4 5 1 8 2
2 2 7 1
3 3 5 1 10 2
4 2 2 1 4 1 8 1 11 1
5 3 3 1
6 3 3 1 6 1 8 1 13 1
7 3 2 2 3 1 6 1 11 2 13 1 14 1
8 4 2 1 3 1 8 1 10 1 11 1
9 3 9 1 11 1 13 1
10 3 5 1 8 1
11 3 5 2 8 1 9 1 11 2
12 5 1 1 2 1 4 1 5 1 11 1 14 1
13 4 2 1 3 1
14 2 2 1 4 1 11 1
15 2 8 1 10 1
16 2 5 1
17 1 2 1 4 1 5 1 8 2 11 2 13 1
18 2 2 1 5 1 8 2 10 1 11 1 14 1
19 2 2 1 11 1
20 6 3 1 4 1 5 1 8 2
21 3 2 1 4 1 5 1 8 2 9 1 12 1
22 3 2 1
23 2 2 1 3 1 5 1 8 1 9 2
24 3 3 1 5 1 9 1 12 1 13 1
25 2 11 1 14 1
26 2 0 1 8 1 11 1 14 1
27 2 2 3 3 2 8 1 9 1
28 4 1 1 2 2 5 1 6 1 10 1 14 1
29 4 1 1 5 1 8 2 10 1 12 1 14 1
30 5 4 1
31 0
0 1 2 3
1 4 5
2 8 21 23
3 4 8 12
4 6 9 14
5 6 8
6 7 11 15
7 10 13 16
8 17 18 24
9 22 25 26
10 18 20 21
11 13 20
12 13 15 24
13 17 18 23
14 15 19 29
15 25
16 17 19 20
17 26
18 26 27
19 21 24
20 22 23
21 22 27
22 30
23 25 29
24 28
25 27 30
26 28 29 30
27 28
28 31
29 31
30 31
31
