62 15 17
0 1
1 4 5
2 1 2
3 1 9
4 0 1 2 3 4 5
5 6 7 8
6 3 4 5
7 3 4 5 7 8
8 5
9 6 7 8
10 1 6 7 8
11 1 9
12 8
13 1 2 6 7 8
14 1 3 4 5
15 6 7 8
16 1
0 0
1 1 5 2 8 1
2 2 2 1 3 1 5 1 9 1
3 2 2 1 4 1 8 1 11 1 12 1
4 2 6 1 7 1
5 2 5 1 7 1
6 2 1 1 5 2 6 1 11 1
7 1 5 1 7 1 8 1 11 1 13 1
8 1 4 1 9 1 12 1
9 2 1 1 3 1 7 1 8 1 12 1
10 1 3 1
11 2 3 1 5 1
12 3 3 1 11 1
13 4 1 1
14 2 5 1 9 1
15 2 2 1 5 1 14 1
16 4 8 1
17 3 5 1
18 3 10 1
19 1 5 1 8 1 10 1
20 4 8 2
21 1 5 1 8 1 9 1
22 1 4 1 5 1 8 1
23 2 4 1 11 1 14 1
24 1 2 1 5 1 7 1 8 1 10 1
25 1 1 1 8 2 9 1 14 1
26 4 5 1 8 1
27 1 7 1
28 2 13 1
29 1 5 1
30 1 3 1 5 1 10 1 13 1
31 1 5 1 10 1
32 2 6 1 12 1
33 1 4 1 7 2 13 1
34 4 1 1
35 4 7 1
36 3 2 1 4 1 7 2 14 1
37 2 2 1
38 4 4 1
39 2 14 1
40 4 4 1 6 1
41 1 5 1
42 1 1 1 5 2 6 1 11 1
43 3 4 1 5 1 7 1 11 1 13 1
44 1 1 1 6 1 8 1 10 1
45 1 7 1
46 2 9 1
47 5 7 1
48 2 2 1 8 1 10 1
49 2 8 1 11 1 13 1
50 1 4 1 8 2 11 1
51 3 5 1 9 1
52 2 0 1 6 1 7 1 11 1
53 3 1 1 5 1
54 2 4 1 5 1 8 1 11 1
55 4 5 1 8 2 10 1 14 1
56 1 4 1 8 1 12 1
57 2 3 1 5 1 8 2
58 1 1 1 5 1 7 1 8 2
59 2 3 1 6 1 9 1 11 1 12 1
60 2 8 1
61 0
0 1 2 3
1 6 7 8
2 13 37
3 4 9 16
4 5 30 34
5 12 25 52
6 20 26 31
7 18 27 40
8 10 11 37
9 23
10 20 26 35
11 17 21 22
12 27 33 42
13 14 15 19
14 20 34 35
15 17 28 39
16 21 23 29
17 27 31 33
18 34 56
19 28 36
20 29 41 53
21 24 39 54
22 26 32 40
23 28 30
24 31 35 52
25 44 48 57
26 38
27 32 46
28 33 38 44
29 32 43
30 39 49 52
31 43 48
32 57
33 47 51 54
34 50 55
35 41 45 49
36 38 42
37 41 60
38 47 54 55
39 46
40 45 48
41 43
42 44 45 57
43 50
44 50
45 46 47 51
46 53 58
47 56
48 49
49 51 55
50 58 59
51 53
52 59
53 56
54 58
55 60
56 60
57 59
58 61
59 61
60 61
61
