32 9 16
0 3 4 5
1 7 8
2 6 7 8
3 6 7 8
4 0 1 2
5 2
6 1 2
7 3 4 5
8 3 4 5 6 7 8
9 4 5
10 3 4 5
11 6 7 8
12 8
13 2 4 5 7 8
14 6 7 8
15 2
0 0
1 4 5 1
2 3 0 1 6 2
3 3 1 1 2 1 5 1 7 1
4 2 6 1 7 1
5 2 6 1
6 1 2 1
7 3 3 1 6 1
8 2 2 2
9 1 2 2 5 1
10 1 4 1 5 1 7 2
11 2 2 2 5 2 7 1
12 2 2 2 5 1 7 1 8 1
13 2 1 2 2 1 4 1 7 1
14 2 2 1 5 1 6 1 8 1
15 1 5 1 8 1
16 2 2 1 3 1 4 1 7 1
17 2 0 1 5 1 7 1
18 4 2 2 4 2 6 1
19 2 6 1 7 1
20 2 2 1 3 1 4 1 7 1
21 1 2 1 7 2
22 2 3 1
23 2 1 1 4 1
24 1 0 1 4 1 5 1 7 1
25 3 4 1 5 2 7 1
26 4 1 1 2 1 4 1 7 1
27 3 1 2 5 2 7 1
28 1 2 1 3 1 6 1 7 1
29 2 5 1 6 1
30 5 4 3 7 1
31 0
0 1 2 3
1 10 23 26
2 5 7 8
3 4 9 13
4 5 6 10
5 14 20 23
6 11 17 18
7 14 22 23
8 10 11 15
9 15 24 30
10 16 17 19
11 12 14 27
12 20 21 26
13 15 18 19
14 19 25 26
15 22 25
16 18 24 28
17 30
18 20 21 27
19 21
20 22
21 30
22 29
23 24 27 28
24 25
25 29
26 28
27 29
28 31
29 31
30 31
31
