32 15 21
0 1
1 1 9
2 3 4 5
3 1
4 2
5 1 2
6 8
7 1 9
8 1
9 1
10 1
11 1
12 6 7 8
13 1 2
14 0 1 2
15 6 7 8
16 1 6 7 8
17 3 4 5 6 7 8
18 1
19 4 5
20 1 9
0 0
1 3 10 2 11 1 12 1 13 1
2 4 12 1
3 3 8 1 10 1 11 1 13 1 14 1
4 3 2 1 7 1 9 1
5 2 0 1 2 1 6 1 7 1 8 2 12 1
6 1 7 1 8 1 11 2 13 1
7 2 10 2 11 1
8 1 4 1 9 1 10 1 14 1
9 1 8 1 10 1 11 1 12 1 13 1
10 1 7 1 10 1 12 1 13 1 14 1
11 2 4 1 7 1 11 2 12 2 13 1
12 2 2 2 6 1
13 2 2 2 12 1 13 1
14 3 1 1 2 1 9 1
15 3 2 1 4 1 13 1
16 3 0 1 8 1 14 1
17 3 2 1
18 2 5 1 6 2 10 1 12 1 13 1
19 2 0 1 8 1 10 1 14 1
20 3 5 2 7 1 10 1 12 1 14 1
21 2 2 1 3 1 5 1
22 2 2 1 6 2 8 1 14 1
23 2 1 1 6 1 8 1 10 2 14 1
24 2 2 1
25 2 8 1 12 1
26 3 1 1 5 1 8 1
27 2 2 1 7 1 10 1 13 1
28 3 2 1 8 1 10 1 13 1
29 1 4 1 8 1 12 1
30 1 2 1 6 1 8 1 10 1 12 1 13 2
31 0
0 1 2 3
1 4 11 14
2 12 13
3 5 7 19
4 9 22
5 6 8 15
6 9 17 26
7 17
8 10 16 18
9 21 23 25
10 17
11 13 18 28
12 20 24 28
13 22
14 15 21 26
15 18 25
16 23 25 30
17 23 28
18 24
19 24 30
20 22
21 30
22 29
23 27
24 29
25 27
26 27
27 29
28 31
29 31
30 31
31
