92 9 14
0 3 4 5 8
1 7 8
2 2
3 3 4 5
4 5
5 0 1 2 3 4 5
6 2 5
7 7 8
8 2
9 5
10 3 4 5
11 4 5 6 7 8
12 6 7 8
13 4 5
0 0
1 2 3 1 7 1
2 1 2 1 3 1
3 2 2 1 5 1
4 4 5 2
5 2 2 1 5 1
6 1 2 1 5 1 7 1
7 2 4 1
8 1 2 1 5 1 7 2
9 1 1 1 5 1
10 1 2 1 5 1 6 1 7 1
11 1 2 1 4 1 5 2
12 2 5 1
13 4 2 1 7 1
14 2 3 1 7 2
15 2 5 1
16 2 2 1 3 1 6 1 7 1
17 3 2 1 7 1
18 3 2 2 6 1 7 1
19 1 4 1
20 2 1 1 5 1 7 1
21 4 2 1 3 1 5 1 6 1
22 1 4 1
23 1 2 1 5 1 7 1
24 4 5 3 7 1
25 3 0 1 2 1 3 1 7 1
26 4 2 1 7 1
27 3 5 2
28 3 4 1 5 2 6 1
29 3 4 1 7 1
30 2 4 1
31 1 5 2 7 1
32 3 4 1 8 1
33 3 7 1
34 4 2 1 4 1 5 1 6 1
35 5 7 2
36 8 2 1 5 1 6 1 7 1
37 1 3 1
38 1 2 1 3 1 5 1
39 1 5 2 7 1
40 1 2 1
41 2 5 1
42 2 3 1
43 4 5 1
44 1 2 1
45 3 2 1
46 3 2 1 5 1 6 1
47 5 5 1
48 3 7 1
49 1 2 1 4 2 7 1
50 1 2 2
51 1 2 1 5 1
52 8 2 1 6 1 7 1
53 4 3 1 5 1
54 2 4 1 7 1
55 1 1 1
56 2 2 1 3 1 6 1
57 3 2 1 3 1 7 1
58 3 5 3 7 1
59 1 2 1
60 2 2 1 5 2 7 1
61 3 2 1 3 1 4 1 6 1
62 1 4 1 5 2 7 1
63 3 2 1 3 1 5 1
64 1 7 1
65 1 5 2 7 2
66 3 5 1 7 1
67 2 2 2
68 3 2 1
69 4 4 1 5 2 7 1
70 2 4 1 6 1
71 2 2 1
72 3 2 1
73 2 5 1 7 1
74 1 2 2 5 1
75 3 2 1
76 3 3 1
77 1 5 1 7 1
78 3 5 1 7 3
79 3 3 1
80 5 3 1 4 1 5 1 7 1
81 3 3 1 5 1
82 1 2 3 7 1
83 1 2 1 3 1 5 1 7 1
84 4 4 1 5 1
85 5 4 1 5 2 7 1
86 4 3 2 5 1
87 2 2 1 5 2
88 1 2 1
89 1 4 1 7 1
90 2 2 1 5 1 7 1
91 0
0 1 2 3
1 10 20 34
2 8 12
3 4 5 6
4 21 29 49
5 31
6 7
7 9 11 24
8 13 14 22
9 36 43 62
10 79 80
11 15 23
12 25 26 28
13 42
14 17 39
15 16 18 40
16 47 61 70
17 32 35 46
18 19 27
19 30
20 55
21 61
22 41 56
23 34
24 73
25 71
26 37 59
27 33 38 50
28 48
29 89
30 32
31 54
32 37
33 52
34 51
35 44 66
36 40
37 66 68
38 45
39 66
40 82
41 48
42 74 81
43 52 64
44 83
45 77
46 63 76
47 52
48 53
49 58 84
50 58
51 62
52 68
53 87
54 60
55 64
56 57 68
57 78 86
58 62 89
59 70 75
60 67 72
61 69 77
62 64
63 65
64 65 76
65 74
66 87
67 83
68 86
69 75 90
70 83
71 76
72 82
73 78
74 77
75 86
76 78 87
77 85
78 85
79 81
80 90
81 82
82 85
83 84
84 90
85 88
86 88 89
87 88
88 91
89 91
90 91
91
