62 15 24
0 5
1 0 1 2 9
2 3 4 5
3 8
4 1
5 4 5
6 5
7 1
8 3 4 5
9 1 4 5
10 1
11 1
12 1 3 4 5 6 7 8
13 3 4 5
14 1 2 6 7 8
15 1
16 2
17 8
18 1
19 4 5
20 1 2
21 4 5
22 6 7 8
23 4 5
0 0
1 2 5 1 11 1 13 1
2 2 1 1 5 1 8 2
3 3 5 2 8 2 13 1 14 2
4 4 3 1 5 1 8 1 10 1 13 2
5 1 5 1 8 2 9 1 13 1 14 1
6 3 3 1 5 2 11 1 13 1 14 1
7 1 2 1 4 1 5 2 6 1 8 1 14 1
8 1 3 1 5 2 13 1
9 3 0 1 3 1 4 2 8 1 14 1
10 2 2 1 5 1
11 1 2 1 3 1 4 1 5 1 8 1 13 1
12 1 4 1 13 1 14 1
13 3 1 1 2 1 5 1 8 1 12 1 13 1 14 1
14 2 3 1 4 1 5 1 11 1 13 1 14 1
15 2 5 1 8 1
16 2 3 1 5 2 6 1 9 1
17 4 1 1 4 2 7 1 8 2 9 1
18 2 2 1 3 1 5 1 11 1 12 1 13 2
19 2 11 1
20 1 5 2 13 1 14 1
21 4 4 1 8 1 11 1 12 1
22 2 5 2 13 1
23 1 1 1 2 1 4 1 5 2 7 1 11 1 14 1
24 3 10 1
25 2 4 1
26 1 9 1 10 1 14 1
27 1 2 1 4 1 5 3 13 1 14 1
28 3 0 1 2 1 5 1 11 1
29 1 2 1 5 1 6 1
30 1 3 1 5 1 11 1
31 1 2 2 4 1 5 1
32 1 5 1
33 3 4 1
34 2 3 2 8 1 13 1
35 2 2 1 4 1
36 5 5 1 6 1 11 1 13 1 14 1
37 4 13 2
38 1 0 1 1 1
39 3 4 1 12 1
40 4 5 1 8 1 11 1 14 1
41 1 0 1 4 1 5 1 7 1 13 1 14 2
42 4 4 1 5 2 11 1 12 1 13 1
43 1 2 1 8 2 13 1
44 2 4 2 5 2 8 1 13 1 14 1
45 2 4 1 5 1 11 1
46 5 1 1 4 1 5 1 7 1 12 1 14 1
47 3 3 1 4 1 5 2 13 2 14 1
48 1 14 1
49 2 1 1 5 1 7 1 11 1 12 1 13 1 14 1
50 1 4 1 13 1
51 2 4 1 5 2 8 1 14 1
52 2 2 1 4 3 5 1 8 2 13 1
53 2 1 1 3 1 4 2 13 1 14 1
54 4 2 1 4 1 7 1 14 1
55 1 1 1 5 1 8 1
56 2 3 1 4 2 8 2 9 1 12 1 14 1
57 4 3 1 7 1 8 1 13 1
58 4 3 1 6 1
59 2 2 1 3 1 5 1 8 1 9 1 13 1
60 2 4 1 5 2 7 1 8 1 11 1 12 1
61 0
0 1 2 3
1 7 11 30
2 4 5 15
3 6 34 36
4 8 30 31
5 9 17 44
6 8 13 16
7 20 22 27
8 10 23 56
9 12 21 29
10 29 35 45
11 14 20 54
12 16 36
13 23 37 41
14 17 18
15 19 27 58
16 33
17 26 27
18 26 28 47
19 31 42 52
20 35 37
21 25 30 42
22 24 26 28
23 25 28 43
24 31 39 45
25 40 45
26 36 48
27 47
28 35 46
29 32 49
30 32 34
31 43 46
32 38 41 50
33 37 41 56
34 38 40 50
35 40 49 53
36 39 52 53
37 38
38 39 48 52
39 60
40 57
41 46 48 51
42 47 50
43 44
44 54
45 49 51
46 55
47 56 59
48 55 58
49 55 58
50 51 53
51 54
52 57
53 57
54 60
55 59
56 60
57 59
58 61
59 61
60 61
61
