62 15 22
0 0 1 2 3 4 5 8
1 6 7 8
2 5
3 1
4 1 2 5
5 1 2
6 1
7 1
8 1 2 4 5 6 7 8 9
9 1 9
10 1 9
11 3 4 5
12 6 7 8
13 3 4 5
14 7 8
15 7 8
16 8
17 1 2 4 5 9
18 6 7 8
19 1
20 1 3 4 5 7 8
21 1
0 0
1 3 6 1
2 4 8 3
3 3 4 1 11 1
4 2 5 1 7 1 11 1 14 1
5 2 8 1
6 2 7 1 8 1 11 1 14 1
7 1 5 1 6 1
8 1 3 1 6 1 7 1 8 2 12 1 13 1
9 4 1 1 5 1 7 2 8 1 10 1
10 2 7 1 13 1
11 1 6 1 8 2
12 2 7 1 8 1 9 1 14 1
13 1 2 1
14 3 4 1 7 1 8 1 10 2 11 2
15 1 1 1 4 1 14 1
16 1 9 1
17 4 8 1 10 1
18 3 0 1 1 1 2 1 3 1 6 1 7 1 13 1
19 3 4 1 5 1 6 1 8 2 10 1 14 1
20 1 8 1 14 1
21 1 8 1
22 3 3 1 4 1 5 2
23 1 12 1
24 4 14 1
25 4 4 1 6 1 8 1
26 4 4 1 5 1 7 2 8 1 10 1 14 1
27 2 5 1 7 1 9 1 10 1
28 3 3 1 4 1 5 1 8 2 9 1
29 1 4 1 5 1 7 1 8 1 10 1 11 2
30 2 6 1 7 1 10 1
31 5 3 1 10 1
32 3 5 1 11 1
33 4 4 1 6 1 8 1
34 3 1 1 5 1 6 1 7 1 10 2 12 1
35 2 5 2 7 1 8 1
36 2 4 1 7 2 9 2 10 1
37 2 1 1 5 1 8 1 9 1 10 1 11 1
38 3 4 1 5 3 10 1 12 1
39 3 5 2 8 1 11 2
40 1 5 1 7 1 8 2 12 1 14 1
41 2 0 1 4 1 10 1 11 1 12 1
42 2 3 1 7 1 8 1 11 1 12 1 14 1
43 3 1 1 7 1
44 5 3 1 5 1 7 1 8 1 14 1
45 2 11 1 14 1
46 1 5 2 7 1 8 1 10 1 11 1 14 1
47 4 1 1 4 2 8 1 11 1 14 1
48 2 11 1 14 1
49 5 1 1
50 2 2 1 10 1 12 1 14 1
51 2 1 1 3 1 4 1 7 1 8 1
52 2 5 1 8 1
53 3 4 1 5 1 8 1 11 1
54 1 7 1
55 3 4 1 8 1 14 1
56 3 7 1
57 2 2 1 4 2 5 1 7 2 11 1
58 1 8 1 10 2
59 2 5 2 7 2
60 3 1 1 2 1 8 2
61 0
0 1 2 3
1 4 21 34
2 5 6 39
3 7 8 23
4 11 36 37
5 16
6 15 30 38
7 9 13 14
8 10 31
9 12 41
10 18 20 29
11 12
12 19 35 47
13 54
14 17
15 28 32 45
16 46 56 60
17 24
18 22 43
19 25 27 52
20 37
21 26 33
22 27
23 32
24 50
25 45
26 44
27 28 50
28 49
29 38
30 58
31 51
32 37
33 42 50
34 40 57
35 56
36 56
37 44
38 55
39 44
40 55
41 49
42 48
43 51
44 51
45 59
46 47
47 48
48 53
49 59
50 60
51 55
52 53 57
53 54
54 58
55 59
56 58
57 60
58 61
59 61
60 61
61
