62 15 23
0 6 7 8
1 1
2 6 7 8
3 1
4 0 1 2
5 6 7 8
6 1 8
7 1 9
8 1
9 2
10 1 7 8
11 7 8
12 5
13 1 9
14 3 4 5 6 7 8
15 1
16 3 4 5
17 1 2
18 1
19 1 2
20 1 2
21 1
22 6 7 8
0 0
1 4 6 1 8 1 14 1
2 2 2 1 7 1 10 1 13 1
3 1 2 1 7 1 8 1 12 1 14 1
4 1 5 1 9 1 11 2 13 2 14 1
5 1 2 2 5 1 7 1 8 1 10 1 14 1
6 2 7 1 8 1 9 1 11 1
7 2 6 1 7 1 8 1 11 1 13 2
8 2 1 1 5 1 6 1 7 1 14 1
9 2 1 1 10 1 14 1
10 4 1 1 2 1 11 1
11 1 6 1 7 2 8 1
12 3 1 1 5 1 7 2 8 1 11 1 12 1
13 2 5 1 9 1
14 1 2 1 6 1 7 1
15 3 4 1 8 1 9 1 11 1 12 1 14 1
16 2 1 1 3 1 7 2 9 1 11 1 13 1
17 2 1 1 7 1 8 1 9 1 11 1 12 1 14 1
18 1 2 1 13 2
19 2 2 1 7 1 10 1 11 1 13 1
20 1 2 1 6 1 7 1 10 1 12 1 14 2
21 4 1 1 2 2 10 1 12 2
22 1 2 2 3 1 12 1 13 2 14 1
23 2 4 1 8 1
24 2 3 1 7 1 12 1 14 1
25 3 14 1
26 1 2 1 5 1 7 2 9 1 10 1 14 1
27 7 4 1 8 1 10 1
28 1 7 1 10 1 11 1 12 1 13 1 14 1
29 1 2 1 3 1 7 1 11 2 13 1 14 1
30 2 13 1
31 2 0 1 8 1 11 1 13 1 14 1
32 2 1 1 7 1 10 2 13 2
33 1 2 1 5 1 8 1 13 1
34 3 5 1 8 1 10 1 11 1 13 1 14 2
35 1 2 2 7 1 11 1 12 1
36 2 11 2
37 1 2 1 10 1 13 1 14 1
38 2 1 1 2 1 5 1 6 2 12 1 14 1
39 2 2 1 5 1 7 1 8 1 9 1 14 1
40 1 13 1
41 2 2 2 8 2
42 4 2 2 6 1 8 1 9 1 10 1 12 1
43 1 2 1 7 3 8 1 11 1 13 1
44 1 2 1 8 1 11 1 13 1
45 1 2 1 7 1 8 2 11 1 13 1
46 5 11 1
47 3 3 1 8 1 11 1 13 2 14 1
48 4 4 1 8 1 9 1 12 1 13 1 14 1
49 2 8 1 12 1
50 1 2 2 5 1 12 2 13 1
51 1 2 1 14 1
52 4 1 2 4 1 11 1 13 2 14 1
53 1 1 1 4 1 7 1 12 1
54 1 5 1 7 1
55 1 5 1 10 1 12 1 13 1 14 2
56 4 7 1 9 1 12 2 13 1 14 1
57 1 5 1
58 4 6 1 11 1 14 1
59 2 2 1 6 2 9 1 11 1 13 2
60 2 6 1 8 1 13 1 14 1
61 0
0 1 2 3
1 5 9 45
2 24
3 4 12 15
4 6 11
5 7 10 16
6 8 35 46
7 29 38 44
8 24 25 43
9 32
10 21
11 13 14
12 19 30
13 18 51 55
14 23 40
15 17 22 34
16 20 21
17 50
18 31
19 52
20 23 31
21 28
22 27
23 37
24 26
25 29
26 33 58
27 48
28 54
29 39
30 36
31 46
32 41
33 55
34 38 49
35 40
36 42
37 53
38 51
39 49 57
40 42 54
41 58
42 49 60
43 47
44 59
45 47 58
46 52
47 51
48 52
49 56
50 53
51 57
52 56
53 57 59
54 55 60
55 56
56 59
57 60
58 61
59 61
60 61
61
