92 15 21
0 1
1 1
2 0 1 2
3 1
4 6 7 8
5 3 4 5
6 6 7 8
7 6 7 8
8 1 9
9 1
10 5
11 1 2 6 7 8
12 1 2
13 8
14 1
15 1 9
16 8
17 1
18 1
19 2 5 7 8
20 7 8
0 0
1 1 4 1 5 2 10 1 13 2 14 1
2 3 3 1 8 1 10 1
3 5 2 1 6 1 8 3 12 1
4 2 8 1 13 1
5 1 3 1 8 1 11 1 12 1 13 1
6 3 3 1
7 3 7 1 13 1
8 4 12 1
9 5 5 1 7 1 9 1 12 1
10 1 5 1 10 1 11 1 13 1
11 3 2 1 8 1 10 1 11 1 13 1
12 3 1 1 5 1 7 1 8 1 11 1 14 1
13 5 4 1 5 1 8 1
14 3 8 1
15 1 2 1 4 1 5 1 7 1 9 1 10 1
16 6 5 1 11 2
17 4 11 1 13 1
18 4 2 1 6 1 8 1 11 2
19 3 8 1 10 2 12 1
20 1 2 1 6 1 7 1 8 1 9 1 11 1 13 1
21 4 5 1 6 1 8 1
22 6 5 1 8 2 11 1
23 2 5 1 7 3 9 1
24 3 0 1 2 1 6 1 7 2 9 1 13 1
25 2 2 1 7 1 8 1 11 1 14 1
26 2 6 2 10 1 11 1 13 1
27 1 2 1 5 1 11 1 14 1
28 3 1 1 3 1 7 1 8 1 11 1 13 1 14 1
29 4 1 1 5 1 7 2
30 3 1 2 3 1 9 1
31 2 1 1 8 1 14 1
32 3 8 1 11 2
33 2 0 1 5 1 7 1 8 1 14 1
34 5 1 1 2 1 12 1
35 1 2 1 6 1 8 1 10 1 11 1
36 3 1 1 5 1 14 1
37 2 7 1 8 2 11 3
38 2 8 1 11 2
39 3 11 1
40 4 5 2 8 1 13 1 14 1
41 3 14 1
42 1 4 1 7 1
43 3 2 1 6 1 7 1 10 1 11 2 13 1
44 3 7 1
45 1 1 1 6 1 7 2 8 1 10 2
46 5 2 1 8 1 11 2 12 1
47 2 4 1 5 1 6 1 8 2 11 2
48 3 3 1 5 1 8 1 11 1 12 1 14 1
49 4 6 1 7 1 8 3 13 1 14 1
50 1 8 2 11 1 13 1
51 3 2 1 7 1 8 1 11 1
52 3 5 1 6 1 7 2 9 1 11 1
53 2 5 1 7 1 8 1 9 1 11 1
54 4 4 1 8 2 10 1 11 1 12 1 13 1
55 5 2 2 5 2 12 1
56 2 2 1 7 1 11 3
57 2 8 1 14 1
58 4 1 1 2 1 5 1 8 1
59 1 7 1 11 1
60 2 2 1 4 1 7 1 8 1 11 1 12 1 14 1
61 4 2 1 6 2 8 1 11 2
62 5 9 1 11 1 13 1
63 3 8 3 14 1
64 4 2 1 7 1 9 1 12 1
65 3 1 1 8 1 11 4 14 1
66 2 1 1 5 1 8 3 10 1 11 1
67 4 5 1 8 1
68 3 7 1 8 1 11 1 12 1 14 1
69 3 1 1 2 1
70 3 2 2 8 1 11 2 13 1
71 4 6 1 8 2 13 1
72 1 2 1 13 1
73 3 13 1 14 1
74 3 8 1
75 2 10 1 11 1 12 1 13 1
76 5 8 1 9 1
77 1 3 1 6 1 7 1 8 1 11 2 12 1
78 3 6 1 7 1 12 1 14 1
79 1 2 1 3 1 8 1 12 1 13 1 14 1
80 3 2 1 5 1 7 1 10 1 13 2
81 2 1 1 2 1 8 1 10 1 11 1 14 1
82 2 14 1
83 3 0 1 5 1 6 1 7 1 10 1 11 1 12 1
84 2 0 1 8 2 11 1 13 2 14 1
85 2 1 1 2 1 11 2 12 1 14 1
86 2 2 1 5 1 8 1 9 1 11 1
87 2 2 2 5 1 6 1 7 1 11 1
88 2 5 1 7 1 8 1 11 1 13 1
89 1 1 1 7 1 8 1 11 1
90 4 1 1 3 1 5 1 8 2
91 0
0 1 2 3
1 5 7 9
2 4 14 24
3 23 78 89
4 6 18 20
5 17 22 55
6 8 60
7 15 49 76
8 10 11 12
9 21 33 58
10 13 41 64
11 29 80
12 19 47 63
13 25 27 84
14 16
15 55 66
16 40 43 81
17 40
18 46 72
19 31 40 64
20 37 79
21 28
22 45 51
23 38 56 65
24 26 30 36
25 65
26 71
27 35 48 87
28 42 44 81
29 33
30 32 39
31 56 61
32 34 52
33 87
34 35 43 62
35 44 76
36 62
37 52 66
38 45
39 43 48 68
40 70 82
41 70
42 59 83
43 44 53
44 69 90
45 50 54
46 61 68
47 50 56 59
48 66 75 88
49 77
50 62 75
51 57
52 54
53 55 73 82
54 63 67
55 71
56 75
57 83
58 60 61 81
59 72 73
60 67
61 78
62 69
63 72
64 79
65 67 73 85
66 89
67 69 74 90
68 80 87
69 70
70 83
71 74
72 76 80
73 74
74 77
75 85
76 77
77 88
78 79 84
79 85
80 86
81 82
82 84
83 88
84 86
85 86
86 90
87 89
88 91
89 91
90 91
91
