32 12 17
0 1 2
1 2 6 7 8
2 4 5
3 7 8
4 1
5 1
6 1 6 7 8 9
7 1 3 4 5
8 6 7 8
9 4 5
10 0 1 2
11 7 8
12 6 7 8
13 3 4 5
14 5
15 4 5
16 8
0 0
1 3 2 1 5 1
2 3 4 2 5 1
3 1 0 1 2 1
4 1 10 1 11 1
5 3 5 1
6 2 4 1 5 1 6 1 7 1 10 1
7 2 7 1
8 3 1 1 6 1
9 4 11 1
10 3 4 1
11 1 4 1
12 1 3 1 4 1 7 1 11 1
13 1 1 1 5 1 8 1 10 2
14 1 5 3 7 1 8 1
15 5 7 1 10 1
16 1 5 1 6 1 7 1
17 3 2 1 5 1 11 1
18 1 2 1 4 1 5 1 7 1 8 1
19 3 0 1 2 1 8 1 10 1
20 4 10 1
21 3 5 2
22 2 2 1 8 1 9 1 10 1
23 3 1 1 5 2 11 1
24 3 5 2 7 1 11 1
25 3 2 2 5 1
26 2 2 1 3 1
27 3 10 1
28 3 6 1 7 1 8 1
29 5 5 1 10 1
30 2 7 1
31 0
0 1 2 3
1 4 6
2 4 5 11
3 12 19
4 28
5 10 14
6 7 8 9
7 22 28 29
8 13
9 20
10 15 27
11 16 23 30
12 15
13 18 22
14 21
15 17 24
16 18 20
17 26
18 21
19 28
20 24
21 27
22 25
23 27
24 29
25 26
26 30
27 29
28 31
29 31
30 31
31
