62 12 17
0 4 5 6 7 8
1 2
2 1 8 9
3 1
4 2
5 1
6 1 3 4 5 9
7 7 8
8 7 8
9 3 4 5
10 1 9
11 1 9
12 1 9
13 5
14 7 8
15 0 1 2
16 1
0 0
1 2 2 2 5 1 7 1 9 1
2 1 4 1 8 1 10 1
3 1 5 1
4 2 2 1 8 1 10 1
5 1 10 1
6 3 2 1 5 1 10 3
7 3 5 1 7 1
8 2 9 1
9 1 3 1
10 2 8 2
11 4 5 1 8 2 9 1
12 1 1 1 3 1 7 2 10 1
13 1 5 1 10 1
14 2 5 1 10 1 11 1
15 3 10 1
16 2 2 1 5 1 8 1 9 1 10 1
17 3 2 1 6 1 8 2 9 1
18 2 2 1
19 2 2 1
20 5 11 1
21 4 7 1 9 1
22 2 1 1 2 1 9 2 10 1
23 3 0 1 2 1 5 1
24 4 8 1
25 2 1 1 2 1 5 2 10 1
26 2 5 1 8 1
27 2 0 1 4 1
28 1 8 1
29 1 7 1 8 1
30 2 2 1 7 1 10 1 11 1
31 2 2 2 5 1 7 1
32 3 3 1 7 1 8 1 10 1 11 1
33 1 2 1 8 1 9 2 11 1
34 1 8 1 9 1
35 3 2 1 4 1 5 1 10 2
36 1 2 1 4 1 8 1 9 2
37 1 2 1 8 1
38 1 7 1 9 1
39 2 10 1
40 1 4 1 8 1
41 2 8 1 10 1
42 1 0 1 4 1 7 1 8 1
43 4 2 1 5 2 9 1 10 1
44 1 3 1 8 1 10 1 11 1
45 3 2 1 7 1 8 1 9 1 10 1
46 1 2 1 7 1 9 1 11 1
47 4 2 1 5 1 7 1 10 2
48 4 7 1 8 1 9 1
49 4 2 1
50 2 1 1 6 1 7 2 11 1
51 2 2 1 3 1 5 1 6 1
52 1 4 1 9 2
53 5 2 2 8 1
54 4 5 1 6 1 10 1 11 1
55 1 5 1 9 1 10 2
56 2 2 1 7 1 10 1
57 2 1 1 4 1 9 1
58 5 5 1 10 1
59 3 0 1 4 1 9 1 10 2
60 5 9 1
61 0
0 1 2 3
1 4 9 10
2 34 41 42
3 6 8 35
4 5 22 52
5 12 16 25
6 7 13 31
7 11 20 21
8 16 18 21
9 14 19 38
10 15 38 50
11 48
12 17 27 38
13 20 24 54
14 26 33 37
15 29 40 53
16 17 20 34
17 19 31 32
18 23 24 27
19 48
20 28 39
21 30 42 43
22 25 29 36
23 28 39 47
24 26 29 30
25 31 57
26 34 42 43
27 28 32 49
28 30
29 32 33 56
30 33 44
31 48
32 60
33 51
34 36 40
35 36 37 56
36 51
37 44 52 54
38 39
39 40 53
40 49 59
41 46 47 54
42 46 49
43 44 45 55
44 53
45 46 47
46 50
47 50 58
48 59
49 51 55
50 52 56
51 58
52 59
53 60
54 55 58
55 57
56 57
57 60
58 61
59 61
60 61
61
