92 12 18
0 1
1 1 9
2 1 2
3 1
4 2
5 4 5
6 1 3 4 5 6 7 8 9
7 5
8 1
9 1 2 9
10 3 4 5
11 5
12 0 1 2 3 4 5
13 1 3 4 5
14 2
15 6 7 8
16 6 7 8
17 5
0 0
1 1 2 1 3 1 4 1 5 1 10 1 11 1
2 1 1 1
3 2 2 1 9 1
4 4 4 1 5 1
5 3 2 1 8 1
6 1 3 1 5 1 8 1
7 3 9 1 10 1 11 1
8 2 2 1 4 1 5 2 6 1 7 1
9 4 2 1 5 2 10 2
10 1 10 1
11 4 2 2 4 1 6 1
12 1 4 1 8 1 10 3
13 2 2 2 3 1 5 1 11 1
14 1 5 1 6 1 7 1 10 1
15 1 10 1
16 2 2 2 5 1 11 1
17 1 9 1
18 2 5 1 11 2
19 3 4 1 5 1 7 1 8 1 9 1 10 1
20 2 1 1 2 1 10 1
21 2 2 2 3 1 4 1 8 2
22 4 2 1 4 1 5 2 11 1
23 2 1 1 4 1 7 1 10 1 11 1
24 3 6 1
25 2 11 1
26 2 2 2 3 1 7 1
27 3 10 1
28 2 2 1 5 2
29 1 6 1
30 1 2 2 4 1 5 2 11 1
31 2 1 1 2 1 5 3 10 1
32 2 2 1 4 2 5 1 9 1 11 1
33 3 1 1 2 1 5 2 9 1 11 1
34 1 3 1 5 1 10 1 11 1
35 1 2 1 3 1 4 1 5 1 7 1 9 1
36 2 2 1 4 1 11 1
37 1 2 2 9 1 10 2 11 1
38 2 2 1 3 1 5 1 9 1
39 1 9 1 10 1
40 3 1 1 2 1 5 1
41 3 0 1 2 2 9 1 11 2
42 4 2 1 3 1 5 2
43 3 2 2 5 2 10 1
44 4 1 1
45 2 2 1 4 2 5 1 11 1
46 2 7 1
47 3 2 2 10 3 11 1
48 4 2 1
49 2 1 1 2 1 7 1 9 1 10 1
50 3 11 1
51 3 2 1 4 1 5 1 7 1 10 1 11 1
52 1 3 1 5 1
53 2 6 1 8 1
54 2 2 2 3 1 5 1 10 1 11 1
55 1 5 1
56 3 1 1 2 1 5 1 6 1 11 1
57 2 3 1 9 1
58 1 8 1
59 1 5 1 8 1 10 1
60 2 2 2 3 2 8 1 9 1
61 4 3 1 4 1 5 1 7 1 10 1
62 3 4 1
63 5 2 1
64 1 4 1 5 1
65 2 4 1
66 1 3 1 5 2 7 1
67 4 8 1
68 1 2 1 4 1 5 1 9 1 10 1
69 2 6 1 10 1 11 1
70 1 7 1 10 1
71 6 0 1 2 1
72 2 2 1 5 1 10 1
73 3 2 1 5 1
74 1 0 1 2 1 5 1
75 3 5 1 10 1
76 1 2 1 5 1 11 1
77 4 2 1 4 1 7 1 10 2
78 4 2 1 3 2 6 1 8 1 11 1
79 3 3 1 5 1 10 1 11 1
80 3 2 1 5 1 7 2 11 1
81 3 4 1 5 1
82 1 3 2 5 2 7 1 8 1
83 3 2 1 5 1
84 1 5 1
85 4 7 1 10 1 11 1
86 3 9 1
87 1 1 1 2 1 4 1 11 1
88 1 2 2 9 1
89 3 5 2 6 1 9 1 11 1
90 2 3 1 5 2 6 1 10 1 11 1
91 0
0 1 2 3
1 6 13 32
2 5 18 19
3 4 18 50
4 26 41 54
5 17 23 24
6 7 12 50
7 8 20 25
8 9 10 22
9 15 21 74
10 11 14 16
11 15
12 37 43 79
13 20 22 88
14 29 47 48
15 33 49 59
16 19 70
17 28 86
18 22 31 38
19 44 46 47
20 46 51
21 42 81 84
22 27 63
23 60 70 83
24 39
25 40 51
26 32 36 52
27 60 67 72
28 62
29 30 34 52
30 35 51 73
31 36 41 45
32 44 49 53
33 39 55 65
34 36 66 75
35 40 55 74
36 64
37 48 78
38 39 40 87
39 61 75
40 41 61 83
41 46 49 69
42 48 52 53
43 45 71
44 45 55
45 58 61 74
46 59 90
47 56 57 67
48 57 58 71
49 84
50 56 64
51 58 63 65
52 65 72 82
53 57
54 56 63 66
55 60 69 75
56 59 68 73
57 76 87
58 72
59 81
60 79
61 69
62 64 66 70
63 67 85
64 79
65 68 83
66 71
67 68 76 77
68 78
69 77 80
70 82
71 73
72 86
73 76 82
74 80
75 77 80
76 90
77 78
78 86
79 81
80 84 85
81 89
82 87
83 85
84 88
85 90
86 89
87 88 89
88 91
89 91
90 91
91
