32 12 18
0 1 9
1 1 2
2 6 7 8
3 6 7 8
4 1 2 3 4 5
5 0 1 2 3 4 5 8 9
6 2
7 7 8
8 1
9 2
10 6 7 8
11 1 2
12 3 4 5
13 1
14 4 5
15 1
16 8
17 1 2
0 0
1 5 3 1 5 1 7 1 11 1
2 2 2 2 3 1 6 1 11 1
3 3 11 1
4 3 0 1 2 1 3 1 7 1 9 1 11 1
5 4 2 1 3 1 4 1 7 2
6 2 2 2 6 1 10 1 11 1
7 4 2 1 8 1 10 1
8 1 2 1 5 1
9 1 9 1 11 2
10 1 2 2 10 1
11 1 2 1 3 1 8 1 11 1
12 3 2 1 8 2 10 1 11 1
13 1 1 1 3 1 6 1 8 1 10 1 11 1
14 1 1 1 7 1 10 2
15 4 2 1 4 1 6 1 10 1 11 2
16 2 1 1 2 1 4 1 8 1 11 1
17 2 2 2
18 4 2 4 10 1 11 1
19 3 1 1 2 1 7 1
20 1 2 2 3 1
21 3 2 1 3 1 5 1 6 1 7 1
22 2 1 1 8 1 10 2 11 1
23 2 2 2 4 1 7 1 10 1
24 2 2 1 4 1 6 1 7 1 8 1 10 1
25 4 2 2 5 1 9 1
26 2 2 1 3 1 6 1 7 1 10 1
27 4 4 1 7 1 8 1 11 1
28 3 5 1 8 1
29 6 11 1
30 1 1 1 6 1 8 2 11 1
31 0
0 1 2 3
1 7
2 9 11 23
3 4 5 14
4 6 10 25
5 8 17 23
6 16
7 8 20
8 19 22 27
9 13 15
10 12 13 24
11 12 24 25
12 28
13 27
14 17 18
15 16 19 25
16 17 18 26
17 20 22
18 22 30
19 29
20 21
21 28
22 28
23 24 26
24 30
25 27 29
26 29
27 30
28 31
29 31
30 31
31
