92 15 16
0 4 5
1 7 8
2 1
3 1 9
4 1 9
5 1
6 3 4 5 6 7 8
7 0 1 2
8 1
9 1 2
10 1 9
11 2
12 2
13 1 9
14 1 9
15 1 9
0 0
1 1 10 1 11 2 14 1
2 3 2 2 10 1 11 1 14 1
3 4 11 1
4 5 13 1 14 1
5 3 1 1 2 1 11 3
6 3 2 1 5 1 9 1 11 1 12 1
7 2 1 1 4 1 11 1 13 1
8 4 1 1 2 1 4 1 8 1
9 3 11 2
10 1 9 1 11 1
11 3 7 1 11 2
12 2 1 1 2 1 9 1
13 5 1 1 2 1 8 1 11 1
14 4 0 1
15 4 7 1
16 1 2 1 11 1 13 1
17 1 2 1
18 4 2 1 9 2 11 1
19 6 1 1
20 5 2 1 5 1
21 4 1 1 2 1 8 1 11 1 14 1
22 4 6 1 7 1
23 3 4 1 11 1 14 1
24 1 1 1 9 1 11 1 14 1
25 4 5 1 9 1 11 2
26 4 7 1 14 1
27 3 4 1 9 1 11 2
28 4 4 1 11 1
29 5 2 2 11 1
30 5 3 1 4 1 10 1 11 1
31 2 11 1 12 1
32 2 1 1 2 1 13 1
33 2 11 1 14 1
34 4 2 1 11 1
35 1 1 1 4 1 8 1 13 1
36 3 2 1 4 1 5 1 11 1
37 3 4 1 11 3 14 1
38 4 11 2
39 4 10 1
40 2 2 2 4 1 9 2
41 1 8 1 10 1 11 1
42 2 2 1 10 1 14 1
43 2 1 1 2 1 11 1
44 2 1 1 2 1 8 1
45 5 3 1 5 1 8 1 14 1
46 4 2 2 3 1 7 1
47 2 2 1 4 1 11 1 14 1
48 2 2 1 4 1 9 1 13 1 14 1
49 4 2 1 5 1 10 1 12 1
50 2 2 2 9 1
51 1 13 1 14 1
52 5 0 1 10 1 14 1
53 3 4 1 9 1 11 1
54 3 10 1 11 1
55 3 2 2 11 3
56 5 2 1
57 1 2 1 8 1
58 2 2 1 4 1
59 4 1 1
60 4 1 1 11 1 12 1
61 2 2 1 8 1 9 1 11 1 13 1
62 1 0 1 2 1 10 1 11 1
63 2 4 1 9 1 12 1
64 3 2 1 11 1
65 1 2 1 10 1
66 2 2 1 4 1 10 1 11 2
67 1 2 1 3 1 7 1 10 1 14 1
68 4 2 1 9 2 10 1 11 1
69 2 2 2 3 1 11 1 14 1
70 4 2 1 9 2
71 2 5 1 8 1 11 2 14 1
72 4 1 1 9 1
73 4 2 3 10 1 12 1
74 1 1 1 11 2
75 3 7 1
76 2 1 1 9 1 10 2
77 1 1 1 2 1 10 1 11 1 12 1
78 1 11 1
79 2 2 1 10 2 14 1
80 4 1 1 11 3
81 2 11 2
82 3 14 1
83 3 4 1 9 1
84 2 4 1 10 1 11 1
85 3 4 1
86 3 2 1 8 1 11 2 14 1
87 1 2 1 7 1 8 1
88 2 4 1 7 1 9 1 14 1
89 2 1 1
90 4 2 1 4 1 9 1 10 1 13 1
91 0
0 1 2 3
1 4 7 15
2 22 23 66
3 5 6 10
4 8 11 19
5 9 23 27
6 31 34 55
7 9 14
8 12
9 17 42 68
10 16 27 46
11 13
12 18
13 22 39 41
14 28 36 47
15 33 73 86
16 23 24
17 35 52 60
18 20 25 67
19 30 76
20 21 26 30
21 39 61
22 24 56
23 38 80
24 37 43
25 60
26 29 41 44
27 51
28 42 58
29 32 51 59
30 44 45
31 62
32 46
33 78
34 38 40 48
35 37 49
36 66
37 54 64
38 84
39 50 66
40 63 88
41 65 79
42 71 90
43 65 77 85
44 58 59
45 53
46 61 74
47 54
48 49 70
49 72
50 58 64
51 57 74 87
52 56 71
53 83
54 77
55 63
56 65 77 87
57 81 85
58 81
59 62 69
60 75 86
61 68 70 73
62 64
63 67 78
64 81
65 69 74
66 76 79
67 83
68 69 72 75
69 84
70 82 86
71 72
72 87
73 75
74 76
75 78 89
76 89
77 82
78 79
79 80 82
80 83
81 88
82 84
83 85
84 90
85 90
86 89
87 88
88 91
89 91
90 91
91
