32 12 19
0 1 9
1 8
2 1 9
3 0 1 2 4 5
4 7 8
5 1 2
6 1 2
7 3 4 5
8 6 7 8
9 1 9
10 7 8
11 1 9
12 1
13 3 4 5 6 7 8
14 4 5
15 6 7 8
16 1
17 2
18 1
0 0
1 2 2 1 4 1 5 1 7 1 8 1 9 1
2 2 2 1 4 3 8 1
3 3 10 1
4 4 2 2 9 1
5 2 1 1 10 1
6 1 2 1 3 1 4 1 5 1 10 1
7 5 1 1 2 1 4 1 8 1 10 1
8 2 2 1 8 1 9 1
9 2 2 1 4 1 7 1 8 1 9 2
10 4 2 1
11 1 1 1 6 1 9 1 10 1
12 3 1 1
13 1 5 1 8 2 10 2
14 1 4 2 8 3 11 1
15 5 1 1 2 1 5 1 7 1 10 1 11 1
16 4 6 1 10 1
17 1 1 1 9 1 10 1
18 2 0 1
19 4 7 1
20 3 2 1 6 1 7 1 8 1 9 1 10 1
21 3 4 1
22 2 2 1 8 2 9 1 10 1
23 2 2 1
24 2 8 1 10 1
25 1 9 1
26 2 2 1 8 1 9 2 11 1
27 3 3 1 9 1 10 2 11 1
28 2 4 1 5 1 8 1 10 1 11 1
29 1 1 1 2 1 9 1 10 1
30 3 2 1 5 1 10 1
31 0
0 1 2 3
1 4 5 11
2 4 6 17
3 12 13 20
4 9 10 16
5 9 17 21
6 7 8 22
7 11 15 16
8 16
9 15 18 22
10 12 14 18
11 12 14 19
12 21 25
13 17 30
14 20 21 24
15 19 20 24
16 23 25 26
17 26
18 19 24 25
19 27
20 28
21 23 26
22 23
23 28 30
24 27 29
25 27 29
26 29
27 28 30
28 31
29 31
30 31
31
