62 12 13
0 6 7 8
1 8
2 2
3 0 1 2 3 4 5 6 7 8
4 4 5
5 3 4 5
6 1 2 3 4 5 9
7 3 4 5
8 1 2 9
9 2
10 1 5 9
11 1 2
12 4 5
0 0
1 3 2 1 8 2
2 2 2 2 4 1 9 1
3 3 2 1 5 1
4 1 2 1 3 1
5 4 2 1 8 2 10 1
6 3 3 1 4 1 7 1
7 1 2 1 6 1 8 1
8 2 1 1 5 1 8 1
9 1 5 1 8 1
10 5 4 1 8 1
11 1 1 1 5 1 6 1
12 1 1 1 3 1
13 1 2 1 3 1 10 1
14 3 5 1
15 2 5 1
16 2 2 2
17 1 8 1
18 2 4 1
19 1 5 1 11 1
20 1 3 1 5 1 8 2
21 2 2 1
22 2 0 1 2 1 4 1 7 1 8 1
23 1 2 2 3 1
24 2 4 1 7 1 8 1
25 2 2 1 4 2
26 3 10 1
27 1 2 2 4 2
28 1 4 1 5 1
29 2 1 1 6 1 8 1
30 1 2 1 5 1 8 1
31 3 2 1
32 1 5 1 9 1
33 2 8 1
34 3 2 1 3 2 9 1
35 6 10 1
36 1 3 1 4 1 5 1 7 1
37 2 2 1 3 1 4 1
38 2 2 1 5 1 8 1
39 2 2 1 8 1
40 1 9 1
41 2 6 1 8 1
42 3 1 1 4 1 5 1 8 1
43 1 2 1 5 1 7 1 10 1
44 2 2 1 4 1 8 1
45 1 5 1 8 1 10 2
46 3 1 1 3 1 4 1 9 1
47 1 2 1 8 1
48 2 4 1
49 2 5 1 6 1 7 1 10 1
50 5 1 1 3 1 6 1
51 3 9 1
52 2 2 2 3 1 8 1
53 2 2 1
54 3 2 1 4 1 8 1
55 1 5 1 6 1
56 1 1 1 3 1
57 2 1 1 2 1 5 1 8 1
58 1 8 1
59 5 8 1
60 1 2 1 8 1
61 0
0 1 2 3
1 4 12 26
2 5 7 11
3 16 20 42
4 5 6 54
5 9 22 32
6 10 14 20
7 8 24 41
8 49
9 18 25 56
10 15 16 49
11 13 17 45
12 23 39
13 30 33
14 31 33
15 17 19 21
16 18 25 36
17 31 35
18 23 27 34
19 29 32 44
20 25 45 51
21 23 28 47
22 37 44
23 57 58
24 26 37 47
25 27 34
26 34 44 54
27 29 50 53
28 29 33 38
29 41
30 40 46 49
31 36 38 41
32 36 38 43
33 37 39
34 35 46 48
35 39 43
36 40
37 42 43 48
38 42 48 60
39 52
40 47 51 58
41 46
42 55
43 50 52
44 45 51 52
45 57
46 59
47 60
48 50
49 55
50 58
51 53 56
52 53
53 55
54 56
55 59
56 57 60
57 59
58 61
59 61
60 61
61
