62 15 17
0 1 6 7 8
1 1
2 5
3 7 8
4 0 1 2
5 1 3 4 5 6 7 8
6 8
7 3 4 5 6 7 8
8 8
9 1 3 4 5
10 1
11 1
12 1 2 5 9
13 1
14 2
15 1 4 5
16 1
0 0
1 2 7 1 8 2
2 2 12 1
3 1 0 1 3 1 12 1
4 5 4 1 5 1 8 1
5 2 1 1 6 1 8 1 13 1
6 2 8 1 10 1 12 1 14 1
7 1 5 1 6 1 12 1
8 2 2 1 3 1 14 1
9 3 5 1 6 1 8 1
10 2 1 1 5 1 11 1
11 2 0 1 2 1 3 1 8 1 10 1
12 1 1 1 4 1 10 2 13 1
13 4 1 1 5 1 10 1 13 1
14 2 5 1 8 1
15 3 2 1 6 1
16 2 2 1 4 1 6 1
17 1 2 1 7 1 8 1 10 1 13 1
18 2 0 1 2 1 7 1 11 1 14 1
19 3 4 1 8 1 10 1
20 3 6 1
21 2 3 1 10 1 14 1
22 1 13 1
23 3 10 1
24 1 1 1 8 1 13 2
25 1 5 1 9 1
26 1 10 1
27 2 4 1 10 1 11 1 13 1
28 2 5 1 6 1 8 1 14 1
29 3 8 1
30 2 2 1 7 1 8 1
31 1 1 1 2 1
32 4 5 1 14 1
33 3 5 1 8 1
34 1 2 1 8 1 11 1
35 2 2 1 3 1 8 1 13 1 14 1
36 2 5 1 8 1
37 1 0 1 7 1
38 3 1 1 2 1 8 1 12 1 14 1
39 2 7 1 8 1 11 1
40 1 7 1 8 2 12 1
41 1 5 1 12 1 14 1
42 1 12 1
43 1 0 1 2 1 10 3
44 1 1 1 7 1 8 1 13 2
45 3 8 2
46 1 6 1 7 1
47 3 2 1 8 3 12 1
48 3 4 1 5 1 8 1
49 1 2 1 4 1 8 1 14 1
50 4 2 1
51 2 6 1 8 2
52 2 2 1 8 1 10 1 13 1
53 1 14 1
54 2 5 1 8 1 14 1
55 4 11 1 13 1
56 1 2 1 5 1 7 1 13 1 14 1
57 2 6 1 8 1
58 3 7 1 14 1
59 2 8 1 10 1 11 1 12 1 14 1
60 3 2 1 7 1 11 2
61 0
0 1 2 3
1 4 5 9
2 16 38
3 52 56
4 6 8 18
5 7 13 19
6 12 16 25
7 23 31 50
8 40 51 52
9 10 12 40
10 11 14 20
11 13 15 18
12 17 33
13 28 60
14 28 56
15 16 26 30
16 22 48
17 35
18 22 26
19 23 44 46
20 21 34 45
21 24
22 27 47 52
23 48
24 29 37 46
25 48
26 27 28
27 39 41
28 31 35
29 35 38 39
30 32 33 36
31 55
32 50 51
33 34
34 37
35 41
36 42
37 49 58
38 42 47
39 51
40 49
41 43
42 60
43 49
44 58
45 54
46 56
47 50
48 54 55 58
49 53
50 53
51 57
52 54 59
53 55
54 57
55 59
56 57 59
57 60
58 61
59 61
60 61
61
