62 9 9
0 2 5
1 2 6 7 8
2 8
3 6 7 8
4 0 1 2 3 4 5
5 8
6 3 4 5
7 4 5
8 1 2
0 0
1 3 2 1 5 1 8 1
2 2 5 2 6 1
3 4 6 1
4 1 3 1
5 2 5 1 8 1
6 4 4 1 8 2
7 1 1 1
8 2 4 1 5 2
9 4 2 1 7 1
10 3 5 1
11 3 5 1 8 1
12 3 4 1
13 2 2 1 8 1
14 3 3 1 4 1
15 4 2 1 5 1 8 1
16 2 2 1 8 1
17 2 3 1 5 1
18 1 2 1 3 1
19 1 2 1 5 1 6 1
20 4 2 1 6 1
21 2 4 1 8 1
22 2 2 1 4 1 8 1
23 2 3 1 7 1
24 4 3 1 5 1 7 1
25 3 7 1
26 4 8 1
27 2 0 1 4 1 5 1
28 4 3 1 5 1
29 3 4 1 6 1 8 1
30 3 2 1 5 1 8 1
31 4 5 2
32 2 2 1 8 1
33 4 5 1 6 1
34 1 3 1
35 2 4 1 7 1 8 1
36 2 8 1
37 4 3 1 5 1
38 3 6 1
39 2 2 1 7 1
40 4 7 1
41 3 1 1 8 1
42 1 7 1
43 2 4 1 6 1 8 1
44 2 8 1
45 2 2 1 8 1
46 4 4 1 8 2
47 4 2 1 4 1 8 1
48 3 3 1 6 1
49 2 4 1 5 1 8 1
50 5 2 1 4 1 5 1
51 4 5 1 6 1 8 1
52 3 1 1 5 1
53 2 8 1
54 2 1 1 7 1 8 1
55 1 8 2
56 2 6 1
57 2 1 1 6 1 8 1
58 3 4 1
59 4 2 1
60 1 5 1 6 1
61 0
0 1 2 3
1 10 17 31
2 5 6 13
3 4 15 35
4 7 8 21
5 12 37 52
6 24 27 46
7 9 11 18
8 16 27 47
9 19 32 37
10 40 44
11 13 14 27
12 20 28 56
13 25 31 33
14 16 29 60
15 16 20 26
16 19 28 55
17 18 22 23
18 34 49
19 25
20 41 46 51
21 32 48
22 26 42 45
23 32 34 49
24 29 30 38
25 30 45
26 41 43 50
27 28 29
28 39
29 42 45 48
30 39 56
31 36 38 44
32 43 52
33 41 49 52
34 36 38 39
35 37 53
36 43 50 59
37 40 59
38 40 48
39 42 51
40 50
41 44
42 54
43 46
44 47 53 58
45 54
46 47 57
47 60
48 51 55
49 58 59
50 55
51 54
52 53
53 60
54 57
55 56
56 57
57 58
58 61
59 61
60 61
61
