32 15 15
0 2
1 1 9
2 1 2
3 1
4 4 5
5 1
6 1 3 4 5 9
7 3 4 5
8 1 2
9 4 5
10 0 1 2
11 3 4 5 6 7 8
12 1 9
13 1
14 6 7 8
0 0
1 1 2 1 11 1 13 1
2 2 4 2 9 1 13 1
3 4 4 1 7 1
4 1 5 1 9 1 13 1
5 4 13 1
6 2 1 1 2 1 3 1 12 1 13 1
7 2 4 1 9 1 10 1 13 1
8 4 2 1 10 1
9 4 4 1
10 1 3 1 10 1 12 1
11 2 5 2 8 1
12 2 2 1 5 2
13 2 2 1
14 4 3 1
15 1 2 1
16 3 10 1 13 1
17 2 10 1 11 1 12 2
18 2 9 1 13 1
19 2 2 1 4 1 10 1 11 1 13 1
20 2 0 1 10 1 13 1
21 3 1 1 5 1 9 1 13 1
22 4 2 1 4 1 5 1 13 1
23 1 4 2 9 1 13 1
24 3 2 1 4 2 10 1 12 1
25 2 9 1 11 1 13 1
26 5 3 1 5 1 9 1 14 1
27 3 0 1 1 1 5 2 13 1
28 1 2 1 4 1 10 1 11 1 13 1
29 4 0 1 2 1 4 1 6 1 13 1
30 5 2 1 4 1
31 0
0 1 2 3
1 4 15 20
2 5 8 12
3 9 15 22
4 6 10 11
5 17 18 22
6 7 8 9
7 21 23 26
8 13 16 29
9 14 18 21
10 12 18 19
11 12 14 21
12 16 25 26
13 14 19
14 17 28
15 16 19
16 17
17 24
18 23 27
19 24 26 28
20 22 23
21 25 27
22 24 27
23 25 30
24 30
25 29
26 30
27 28 29
28 31
29 31
30 31
31
