92 9 18
0 0 1 2
1 3 4 5 8
2 8
3 6 7 8
4 5
5 1 2
6 4 5
7 8
8 3 4 5
9 2 7 8
10 1 2
11 3 4 5
12 1 2
13 2
14 1 2 6 7 8
15 7 8
16 3 4 5
17 1 2
0 0
1 3 3 1 5 1
2 2 2 1 5 1 7 1
3 2 1 1 2 2 5 2 8 1
4 3 1 1 2 3 3 1 6 1
5 1 2 1 3 1 4 2 7 1 8 1
6 5 2 1
7 2 1 1 5 1 7 2
8 1 2 2 4 2 5 1 8 1
9 2 2 1 3 1 5 2 7 2
10 3 1 1 2 1 4 1 8 1
11 3 8 1
12 2 1 1 2 1 7 1 8 1
13 3 8 2
14 2 1 1 7 1
15 2 2 1 4 2 5 1 7 1
16 2 5 1 8 1
17 2 0 1 3 2 4 1 5 1
18 2 2 1 3 1 4 1 5 1 7 1
19 3 8 1
20 3 2 1 3 1 4 1 7 1
21 2 5 2
22 2 4 1
23 2 2 1 5 2 8 1
24 3 0 1 2 1 5 1 6 1
25 3 1 2 2 1
26 3 1 1 2 1 3 1 7 2
27 1 1 1 2 1 4 1 5 1
28 1 2 3 3 1
29 2 5 1
30 4 1 1 2 1 4 1 5 1 6 1
31 3 2 2 5 1 6 1 7 1
32 2 2 1 3 1 4 2 7 1
33 1 2 1 4 1 5 1 6 1 8 1
34 2 2 3 4 1 5 1 6 1
35 4 0 1 2 2 3 1 5 1 8 1
36 1 2 1 5 1 6 1 8 1
37 4 0 1 2 1 3 1 5 2 8 1
38 3 1 1 2 1 4 1 8 1
39 2 2 3 3 1 5 2
40 2 2 1 7 1 8 1
41 2 2 2 4 1 5 2 8 1
42 4 2 1 4 1 5 1
43 1 1 1 3 1 5 1 7 2
44 3 0 1 1 1 2 1 4 1 6 1
45 4 2 1 5 1
46 1 2 1
47 3 1 2 4 2
48 5 3 2 5 1 7 1
49 4 4 1 5 3 6 1
50 1 5 1
51 2 2 1 4 1 5 1
52 4 3 1 6 1 7 2
53 2 0 1 4 1 5 1
54 2 1 1 2 1 4 1 5 1 8 1
55 2 2 1 4 1 5 1
56 4 1 1 2 2 4 1 7 2
57 2 1 2 2 1 5 1 7 1
58 2 1 2 2 1 5 1
59 3 5 1 8 1
60 3 5 1
61 3 2 4 5 1
62 2 2 1
63 4 2 1
64 3 1 1 2 2 5 2
65 2 1 2 6 1
66 2 1 1 2 2 7 1
67 5 3 1 6 1 8 1
68 2 2 1 4 2 5 2 8 1
69 2 3 1 8 1
70 2 5 2 8 1
71 2 3 1 4 1 6 1 7 1
72 3 2 3 3 1 5 1 8 1
73 4 1 1 2 2 3 1 5 1 8 1
74 5 2 1 3 1 7 1
75 4 2 1 3 1
76 2 5 2
77 4 1 1 2 1 4 1 5 1
78 3 6 1 8 1
79 3 1 1 3 2 4 1 5 1
80 2 2 1 8 1
81 2 1 1 3 1 5 1 8 1
82 5 2 2 5 1 7 2 8 1
83 2 1 1 2 2 5 1 7 2
84 1 2 3 4 1 8 1
85 3 2 1 3 1
86 6 3 1
87 1 1 1 5 1 7 1
88 3 1 1 3 1 4 1 5 1 7 1 8 1
89 4 2 2 4 1 5 1 7 2
90 3 0 1 2 3 4 1
91 0
0 1 2 3
1 4 5 6
2 12 24 79
3 33 43 59
4 7 34
5 8 14 24
6 22 43 58
7 16 51 71
8 9 10 21
9 13 19 72
10 11 17 46
11 12 26 56
12 18 33 41
13 60
14 15 23 27
15 28 31 74
16 30 53 61
17 32 43 54
18 20 37 39
19 23 25 87
20 22 40
21 46 64 71
22 49 50 68
23 35
24 35 46 65
25 26 27 29
26 63
27 28 35 78
28 61
29 62 64
30 38 44 52
31 42 52 63
32 45 56
33 36 37 38
34 36 38 47
35 61 80 85
36 49 58 66
37 53 62 69
38 50 57 58
39 71
40 49 64 66
41 51 55 81
42 59 60
43 51 55 56
44 54 60
45 48
46 57
47 48 50 67
48 52 53
49 54 55 57
50 69 73
51 65 69
52 59 83
53 63 90
54 73
55 67 73
56 65 66 79
57 81 84
58 76
59 62 78
60 67 75 77
61 86
62 89
63 70 88
64 70
65 68 72 74
66 68 84
67 80
68 70 83
69 72 85
70 80
71 76 77
72 76
73 74 77
74 82
75 78 84
76 83 88
77 86 87
78 79 81
79 82
80 89
81 82 85
82 90
83 90
84 87
85 86
86 88
87 89
88 91
89 91
90 91
91
