92 12 20
0 3 4 5
1 1 9
2 3 4 5
3 1 2 9
4 1 2 3 4 5
5 1 9
6 4 5
7 1 8
8 1 2
9 0 1 2
10 4 5
11 1
12 1 9
13 1 6 7 8
14 1
15 7 8
16 2
17 4 5 7 8
18 1 2 6 7 8
19 5
0 0
1 3 2 1
2 2 0 1 4 1 5 1 6 1 11 1
3 2 2 2 4 1 6 1 8 1 10 1
4 1 8 1
5 3 0 1 2 1 4 1 5 1 9 1
6 8 2 2 3 1 5 1 8 1
7 2 5 1 8 1 10 3
8 2 9 1 10 3
9 1 7 1
10 1 2 1 4 1 5 1 8 1 11 1
11 6 9 1
12 2 2 1 9 1
13 4 1 1 2 1 4 1 10 2 11 1
14 1 0 1
15 2 2 2 4 2 8 1 10 1
16 4 11 1
17 2 4 1 5 1 7 1 8 2
18 4 2 1 5 1 10 2 11 1
19 2 2 1 4 1 7 1 10 1
20 1 2 1 9 1
21 2 3 1
22 4 7 1 10 1
23 2 1 1 4 1 5 1 8 1 9 1 10 1
24 1 2 1 3 1 7 1 8 1 11 1
25 1 2 1 4 1 5 1
26 3 7 1
27 3 2 1 10 1 11 1
28 2 7 1
29 3 1 1 3 1 6 1 10 2
30 3 2 1 4 1 5 1 8 1
31 2 2 2 9 1 10 1
32 1 2 1
33 4 2 1 8 1 10 1 11 1
34 1 4 1 6 1 10 1 11 1
35 1 1 1 3 1 4 1 9 2
36 3 2 1 5 2 7 1
37 1 4 2 7 1 8 2 10 1
38 1 1 1 2 1 5 1 7 1 8 1
39 3 3 1
40 1 11 1
41 3 1 1 3 1 4 1 9 2 11 1
42 3 2 1 4 1 10 1
43 2 3 2 7 1 9 1 10 1
44 1 8 1 9 1
45 3 2 1 4 1 5 1 10 2
46 2 7 1 10 2
47 3 11 1
48 2 4 1 8 2 10 1
49 2 2 2 7 1 8 1
50 2 2 1 6 1 8 1
51 1 1 1 10 2
52 1 4 1 5 1 7 1 8 1 10 1
53 1 2 2 3 1 5 1 8 1 10 1
54 1 4 1 10 1
55 3 5 1 8 1 10 2
56 3 2 1 8 1 9 1 10 1
57 4 4 3 7 1
58 2 2 1 4 1 5 1 9 1
59 2 2 1 4 1 7 1 8 1 10 2
60 2 4 1 10 1
61 4 3 1 6 1 8 1 9 1 10 1
62 1 3 1 4 1 5 1 10 1
63 2 5 1
64 3 2 1 4 1 8 1 9 1
65 3 5 1
66 2 4 1
67 3 5 1
68 1 4 1 7 1 8 1 10 3
69 4 2 1
70 3 2 1 5 1 7 2
71 3 2 1 5 2 7 1 10 2
72 4 4 1
73 1 2 1 8 1 9 1 10 1
74 4 2 1 4 1 5 1 8 1 9 1 11 1
75 2 4 1 8 1 9 1 10 3
76 3 2 1 4 2 8 1 9 1
77 2 4 1 5 1 8 2
78 3 5 1 9 1
79 2 3 1 4 2 8 1 9 2
80 2 7 1
81 4 5 1
82 2 1 2 2 1 8 1 9 1
83 4 6 1
84 2 2 1 10 1
85 3 2 1 3 1 4 1 8 1 10 1 11 1
86 1 5 1 7 1 8 1 11 1
87 5 0 1 4 1 9 1
88 2 2 1 3 1 4 1 5 1 7 1 10 1
89 3 4 1 8 1
90 3 9 2
91 0
0 1 2 3
1 4 10 13
2 14 17 44
3 5 6 31
4 46
5 72
6 7 9 11
7 8 63 70
8 12 25 29
9 41 55 65
10 38 40 46
11 16 23 27
12 15 18
13 23
14 19 39
15 47 84
16 20 21
17 22
18 24 30 46
19 27 64
20 26 28 37
21 35 59 79
22 50 51 63
23 61 77
24 36
25 47 82
26 34 52
27 33 43 45
28 68
29 35 38
30 59 60 66
31 32 42
32 34 61 69
33 76
34 48 58 67
35 40 83
36 55 77 85
37 55 62
38 60 62 69
39 67 71 89
40 69 80
41 45 49 54
42 86
43 57
44 78
45 53 60 75
46 66
47 56 76
48 63
49 52 64
50 82
51 74
52 68
53 66
54 56 68
55 86
56 58 74
57 70
58 62 71 72
59 84
60 67 73 79
61 81
62 75 81
63 83
64 76
65 84
66 73 79
67 82 90
68 70 78
69 72 74
70 73 75
71 80
72 88
73 81
74 77
75 80 85
76 86
77 78
78 89
79 83
80 90
81 87
82 88
83 85 89
84 90
85 87
86 87
87 88
88 91
89 91
90 91
91
