32 12 11
0 1 5 8 9
1 3 4 5
2 1 9
3 1 2 9
4 6 7 8
5 6 7 8
6 3 4 5
7 0 1 2
8 1 2 9
9 6 7 8
10 5
0 0
1 4 3 1 9 1
2 2 5 1 10 2
3 3 8 1
4 2 8 1 10 1
5 1 0 1 7 1 8 1 9 1
6 3 5 1
7 2 1 1 8 1 9 1
8 3 9 1
9 2 4 1 7 1 11 1
10 2 6 1
11 4 9 1
12 2 9 1
13 1 6 1
14 3 2 1 6 1
15 1 3 1 10 1
16 2 7 1 8 1
17 4 8 1
18 3 3 1
19 2 2 1 5 1 8 1
20 1 8 1
21 1 1 1 9 1
22 1 2 1 9 1
23 1 4 1 7 1 10 1
24 3 4 1 9 1 10 1
25 1 4 1 8 1 9 1
26 2 10 1
27 3 1 1 9 1
28 1 1 1 4 1
29 4 1 1
30 2 10 1
31 0
0 1 2 3
1 6 18 29
2 5 11
3 4 8 19
4 9 16 22
5 12 13 19
6 7
7 10 14 24
8 13 14 23
9 15 17 28
10 15 19 20
11 25 29
12 26
13 16
14 20 21 22
15 21 23
16 30
17 20 21 23
18 24 25 28
19 28
20 30
21 25
22 27
23 26
24 27
25 26
26 27
27 30
28 31
29 31
30 31
31
