62 9 11
0 3 4 5
1 6 7 8
2 6 7 8
3 7 8
4 6 7 8
5 6 7 8
6 0 1 2 4 5
7 3 4 5 8
8 3 4 5
9 6 7 8
10 1 2
0 0
1 3 6 1
2 2 5 1
3 2 4 1 7 1
4 4 5 1 7 1
5 1 7 1
6 3 4 1 6 1
7 3 5 1
8 4 5 1 7 2
9 6 7 1
10 2 2 1 7 1
11 4 3 1
12 4 4 1 7 1
13 5 7 1
14 5 5 1 7 1
15 3 7 1
16 4 3 2 7 1
17 2 6 1
18 3 3 1
19 5 4 1 6 1
20 4 6 1 7 1
21 6 5 1 6 1 7 1
22 2 7 1
23 3 4 1 6 2
24 4 7 2
25 2 4 2
26 4 3 1 7 2
27 1 7 2
28 1 4 1
29 1 5 1 7 1
30 2 7 1
31 3 0 1 7 1
32 2 6 1
33 3 3 2 7 1
34 4 5 1 6 2
35 3 4 1 6 2
36 1 7 1
37 4 4 1 6 1
38 3 2 1 3 1 6 1
39 2 7 1
40 4 6 2
41 3 6 1 7 2
42 4 4 1 6 2 8 1
43 1 5 1
44 6 6 1
45 2 4 1 6 1
46 1 6 1 7 1
47 6 5 1 7 1
48 4 5 1 6 1 7 1
49 1 6 1 7 1
50 4 3 1 4 1 6 1
51 1 1 1 6 1 7 1
52 1 1 1 6 1
53 4 4 2
54 3 5 1 7 1
55 2 5 1 7 1
56 2 7 2
57 3 5 1
58 2 7 1
59 5 7 1
60 2 7 1
61 0
0 1 2 3
1 5 13 20
2 4 7 9
3 6 11 40
4 8 33 52
5 10 21 42
6 21 45
7 15 28
8 16
9 17 43 44
10 14
11 12 14 29
12 41
13 22 28 35
14 15
15 19 36 55
16 18 26 31
17 23 38 47
18 27
19 34 52 60
20 24 27 47
21 23 25 43
22 24 43
23 39
24 46
25 44
26 41
27 30 39
28 38 48 54
29 38 50
30 34 60
31 32
32 55
33 42
34 41 53
35 37 42
36 45 46 56
37 40 44
38 51
39 51 60
40 49
41 45
42 57
43 49 52
44 53
45 54 57
46 50
47 48 54
48 49 50 51
49 58
50 59
51 55 56
52 53
53 56
54 58
55 58 59
56 57
57 59
58 61
59 61
60 61
61
