62 15 21
0 1 6 7 8 9
1 1 2
2 1 2 8 9
3 1 4 5 9
4 2 5
5 1
6 1
7 8
8 1 5 6 7 8
9 1
10 6 7 8
11 1
12 0 1 2 7 8
13 1
14 1 3 4 5
15 8
16 4 5
17 1 2 3 4 5 6 7 8
18 1 3 4 5 9
19 1
20 5
0 0
1 3 4 1 5 2 8 1 11 1 13 1
2 1 3 1 5 1 7 1 11 3
3 2 1 1 2 2 8 1 11 1 13 1
4 1 4 1
5 1 5 2 8 2 11 1 12 1
6 2 5 1
7 1 5 1
8 1 8 1 9 1 10 1 11 1
9 2 7 1 13 1
10 1 11 1
11 3 2 1 4 1 5 1 10 2 11 1 13 1
12 1 2 1 6 1 8 3 9 1 13 1
13 1 5 1 7 1 10 1 11 1
14 3 2 1 8 1 11 1
15 4 8 1
16 1 0 1 2 1 4 1 5 1 7 2 13 1
17 3 10 1 14 1
18 3 0 1 1 1 5 1 11 1 12 1 13 1
19 1 4 1 8 4 13 1
20 1 3 1 4 1 7 1 8 1 11 1
21 2 8 2
22 2 2 1 8 1 13 1
23 1 7 1 11 1 13 1
24 2 5 1 8 1
25 2 0 1 8 1 10 1 13 1
26 2 4 1 5 1 7 1 8 2 11 1 13 1
27 2 2 1 6 1 10 1 11 1 13 1
28 1 1 1 3 1 8 2 10 1 11 2
29 2 3 1 10 1
30 2 7 1 8 1 9 1
31 1 2 2 5 2 8 1 10 1 11 1
32 2 2 1 8 2 10 2
33 1 2 1 3 1 7 1 8 1 9 1 10 1 11 1
34 3 5 1 6 1 8 1 9 1 10 1
35 3 0 1 8 1 10 1 11 2 13 1
36 3 13 1
37 5 2 1 8 2 10 1 13 1
38 2 8 1 11 1 13 1
39 2 5 1 9 1
40 1 2 1 3 1 11 1
41 4 8 2 10 1 11 1 13 2
42 3 4 1 13 1
43 2 1 1 3 1
44 3 4 1
45 2 1 1 2 1 8 2 12 1 13 1
46 3 2 1 8 1
47 1 13 1
48 1 6 1 7 1 9 1 10 1 11 1 13 1
49 2 3 1 4 1 5 2 11 1 13 2
50 2 8 1
51 4 5 2 7 1 10 1 11 2
52 4 2 1 5 1 7 3 11 1
53 4 6 1 8 1 13 1
54 1 2 1 8 1 10 1 11 1
55 2 6 1 10 1
56 5 2 1 4 1 8 1 12 1
57 3 4 1 8 3 10 1
58 1 2 1 5 1 12 1
59 2 13 1
60 3 1 1 8 1 10 1 11 1
61 0
0 1 2 3
1 4
2 6 33 39
3 5 8 13
4 10 16 53
5 14 15 30
6 7 18
7 30 32
8 9 11 48
9 25 27
10 26 45
11 12
12 19 39
13 16 17 38
14 34 45 60
15 18 21 29
16 28 50
17 32 48 59
18 22 23 24
19 20 24
20 35 42 57
21 31 32 42
22 36
23 43 58
24 37 49
25 28
26 28 30
27 41 43 54
28 37 41
29 45
30 36 46 54
31 40
32 40 47
33 34
34 47
35 38 51 53
36 38
37 40 46
38 60
39 42 51
40 52
41 44 51
42 46 49
43 56
44 59
45 57
46 47
47 55
48 52 53
49 50 55
50 54
51 56
52 57
53 55 60
54 56
55 58
56 59
57 58
58 61
59 61
60 61
61
