92 12 10
0 3 4 5
1 1 8 9
2 4 5 6 7 8
3 5
4 1 9
5 7 8
6 0 1 2
7 3 4 5 8
8 1 2 4 5 9
9 1 9
0 0
1 3 8 1 9 2
2 2 4 1
3 4 4 1 9 1
4 4 10 1
5 5 8 1
6 3 5 1 9 1 10 1
7 5 6 1
8 2 3 1 5 2
9 1 5 1
10 4 4 1 9 1 10 1
11 3 9 1
12 2 9 1
13 2 3 1 5 1 10 1
14 3 3 1 7 1 8 1
15 3 9 1 10 1
16 2 5 1 6 1
17 6 3 1 8 1 10 1
18 2 5 2 9 1
19 1 2 1 5 2
20 1 1 1 4 1 10 1
21 3 5 1
22 2 5 1 10 1
23 3 10 1
24 3 8 1 10 1
25 3 2 1
26 6 2 1 4 1 10 1
27 4 5 1
28 1 8 1
29 3 4 2
30 3 10 1
31 3 3 1 5 1 7 1
32 3 5 1 7 1 9 1
33 3 5 1
34 2 5 1 6 1 7 1
35 2 0 1 5 1 8 1
36 6 0 1 7 1
37 3 7 1
38 3 8 1
39 2 3 1 8 1
40 5 2 1 4 2
41 5 5 1 8 2
42 3 3 1 5 1
43 3 5 1 7 1
44 6 4 1 9 2
45 2 4 1 8 1
46 2 10 1
47 5 9 1
48 2 5 1 8 1
49 5 7 1
50 3 5 1 6 1 9 1
51 2 5 1 7 1
52 5 8 1
53 3 1 1 5 1 10 1
54 2 3 1
55 1 6 1 9 1
56 2 8 1
57 2 5 1
58 2 4 1 5 1 7 1
59 3 5 2 7 1
60 1 4 1
61 6 2 1 5 1 10 1
62 4 4 1 8 1
63 2 2 1 5 1 8 1
64 5 3 1
65 1 3 1 7 1
66 3 3 1 8 1
67 4 5 1 8 1
68 1 4 1 7 1
69 1 1 1
70 2 7 1
71 3 0 1 7 1 10 1
72 2 4 1 8 1 10 1
73 3 5 2 10 1
74 3 5 1 7 1
75 4 0 1 9 2
76 2 4 1 5 1 10 1
77 6 4 2 5 1
78 2 5 2 7 1
79 3 4 1
80 2 4 1 7 1 10 1
81 3 4 1 8 2 11 1
82 2 10 2
83 1 10 1
84 3 0 1 5 1 9 1
85 1 5 1 8 1 10 1
86 3 0 1 5 2
87 3 7 1
88 3 7 1 8 2
89 1 9 1
90 1 4 2 5 1
91 0
0 1 2 3
1 11 31
2 6 10 35
3 4 27 37
4 5 12 20
5 29 36 43
6 7
7 8 9 53
8 13 14 86
9 87
10 21
11 15 16 24
12 17
13 18 32 34
14 30 33 73
15 19 42 45
16 61
17 25 52 55
18 22 49
19 26
20 46
21 77
22 23 39
23 28 68
24 57
25 47
26 59
27 60 70
28 40 67
29 41 66
30 58
31 71 83
32 38 48
33 44 76
34 59 78
35 83
36 66
37 61 73
38 51 59
39 74
40 72
41 63
42 50
43 72
44 54 60
45 69
46 57
47 76
48 51
49 54 58
50 62
51 69
52 56
53 65
54 55
55 71 78
56 57 65
57 63 68
58 81
59 71
60 64 79
61 72
62 82
63 75
64 85
65 69
66 67
67 80
68 81 84
69 79 88
70 85
71 85
72 77 90
73 84
74 75 80
75 90
76 78
77 87
78 80
79 83
80 81
81 90
82 89
83 89
84 87
85 89
86 88
87 88
88 91
89 91
90 91
91
