32 12 15
0 1
1 7 8
2 1 3 4 5 7 8 9
3 1 2
4 8
5 6 7 8
6 0 1 2 9
7 1 9
8 1
9 7 8
10 6 7 8
11 1 6 7 8
12 1 7 8 9
13 3 4 5
14 4 5
0 0
1 2 4 1 7 1
2 4 1 1
3 2 2 1 5 1 9 1
4 1 7 1 8 1 9 1
5 3 7 1 10 1
6 2 2 1 7 1 10 2
7 3 0 1 8 1
8 1 4 1 7 2 8 1
9 3 3 1 8 1 9 1 11 1
10 3 4 1 8 2
11 6 7 1 8 1 10 2 11 1
12 2 7 1 8 2 11 1
13 2 1 1 4 1 11 1
14 2 1 1 6 1 8 2 9 1
15 4 6 1 7 1 8 1 10 1
16 2 7 2 11 1
17 2 7 2 8 1 10 1
18 2 6 1 11 1
19 2 7 1 8 2 9 1 10 1
20 1 7 1 10 1
21 4 1 1 11 1
22 1 6 1 9 1 10 1
23 3 6 1 11 1
24 2 1 1 6 1 8 1 11 1
25 5 0 1 3 1 8 1
26 3 7 1 8 1 11 1
27 3 2 1 8 2 10 2
28 4 2 2 6 1 7 2
29 4 5 1 6 1 8 2 11 1
30 1 6 1 8 1 9 1 10 1
31 0
0 1 2 3
1 5 27
2 16
3 4 7 8
4 10 20
5 6 14
6 9 19
7 11 18
8 24 29
9 15 17
10 13
11 12
12 17 25
13 17 28
14 18
15 23
16 25
17 29
18 22
19 22 24
20 21 22
21 24 28
22 29
23 25 26
24 26
25 30
26 30
27 28
28 31
29 31
30 31
31
