32 15 22
0 8
1 5
2 1
3 1 3 4 5
4 7 8
5 1 2
6 1 8
7 1 2 9
8 1
9 1
10 1
11 3 4 5
12 1
13 1 6 7 8 9
14 1 4 5
15 2
16 7 8
17 0 1 2
18 1
19 1
20 4 5
21 3 4 5
0 0
1 1 2 1 4 1 7 1 13 4
2 1 6 1
3 2 8 1 10 1 12 2 13 2
4 4 1 1 2 1 7 1 10 1 13 1
5 2 1 1 2 1 5 1 8 1 12 1 13 1
6 2 11 1
7 3 2 1 11 1 13 1
8 2 13 1
9 2 13 1
10 4 2 1 4 1 10 1 11 1 12 1 13 2
11 3 1 1 2 1 14 1
12 3 5 1 11 2 12 1
13 1 2 1 7 1 12 2 13 2
14 2 2 1 3 1
15 2 1 1 5 1 8 1 11 1 13 1
16 5 2 2 4 1 12 1
17 2 3 1 4 1 10 1 11 1
18 3 2 1 5 2 8 1 12 1
19 1 13 1
20 2 9 1 12 1
21 2 2 1 12 1 13 2
22 2 5 1 8 1
23 2 2 1 8 1
24 1 4 1 5 1 8 2 13 2
25 4 4 2 7 1 11 1
26 3 1 1 4 1 5 1 9 1
27 1 0 1 1 1 2 1 4 1 8 1 11 1 12 1
28 1 5 1 6 1 8 1
29 3 8 2 10 1
30 3 5 1 8 2 10 2 13 1
31 0
0 1 2 3
1 4 19 29
2 5 6 7
3 7 9 12
4 9 16 18
5 10 12 21
6 8 11 14
7 18 22 25
8 15 16 20
9 10 17
10 15 20 30
11 16 19 29
12 13 15 19
13 14 18 26
14 17 22
15 24 25
16 17
17 25 27
18 23
19 20 26 30
20 23 24
21 22 26 30
22 23 24 29
23 27
24 27
25 28
26 28
27 28
28 31
29 31
30 31
31
