92 12 12
0 3 4 5
1 1
2 0 1 2 6 7 8
3 4 5 7 8
4 7 8
5 1
6 1 9
7 4 5
8 1 2 5
9 1 6 7 8
10 5 6 7 8
11 6 7 8
0 0
1 3 3 1 5 2 10 1
2 5 8 1 9 1
3 3 7 1 10 2
4 2 5 1
5 3 4 1 8 1 10 1
6 4 1 1 8 1 10 1
7 5 1 1 5 2
8 1 4 1 8 1 10 1
9 4 5 1 7 1 9 1 10 1
10 1 4 1 8 1 10 1
11 2 6 1 7 2
12 2 4 1 5 1
13 2 4 1 10 1
14 3 5 1
15 2 2 1 7 1
16 1 2 1
17 1 7 1 10 1 11 1
18 2 10 1 11 1
19 2 6 1
20 2 5 2
21 2 7 1 8 1 10 1
22 1 5 1 8 1 9 1
23 4 7 1 10 2
24 3 10 2 11 1
25 3 4 1 5 1 8 1 10 1
26 5 2 1 4 1 5 1 7 1
27 3 5 1
28 3 5 1
29 4 2 1 11 1
30 3 6 1 7 1 11 1
31 2 5 1 11 1
32 2 8 1
33 3 0 1 4 1 7 1 10 1
34 5 3 1 8 3
35 7 3 1 5 2 7 1
36 4 5 1
37 1 5 1 11 1
38 2 11 1
39 2 5 1 6 1
40 3 6 2 7 1
41 3 4 1 8 1
42 5 5 1 8 1
43 2 2 1 3 1 7 1 10 1
44 2 5 3 10 1
45 2 7 1
46 3 7 1 10 2
47 1 6 1 7 1 10 1
48 4 4 1 7 2 11 1
49 3 3 1 6 1 10 1
50 4 4 3 5 1
51 2 0 1 5 1 6 1 10 1
52 2 7 1
53 4 0 1 8 1 9 1 10 1
54 2 5 1 7 2 11 1
55 3 5 1
56 3 8 1
57 6 5 2 11 1
58 3 5 1 7 1 10 1 11 1
59 2 5 1 6 1 10 1
60 4 1 1 2 1 7 1 10 1
61 3 5 1
62 1 5 1 7 2 9 1
63 3 1 1 8 1 11 1
64 2 10 1 11 1
65 3 1 1 5 1 10 1
66 3 4 1 6 1
67 2 3 1 10 1
68 1 4 1
69 2 3 1
70 2 4 1 10 1
71 1 5 1 8 1 9 1
72 1 0 1 7 1 8 1 10 1
73 3 5 1 8 1 10 1
74 1 5 1
75 3 5 1 6 1 10 2
76 2 1 1 10 1
77 2 4 1 10 1
78 1 8 1 10 1
79 6 5 1 7 1
80 3 7 1
81 3 6 1 8 1 11 1
82 1 8 1 9 1 10 1 11 1
83 1 8 1 9 1
84 4 1 1 7 1 8 1
85 2 4 1 6 1 7 1
86 4 7 1 8 2 11 1
87 1 10 1
88 2 7 2
89 2 2 1 4 1 11 1
90 2 2 1 4 1
91 0
0 1 2 3
1 4 5 23
2 13 76
3 6 12 32
4 14 21 38
5 12 24 36
6 7 8 9
7 15 20
8 10 11
9 50
10 16 17 18
11 64
12 19 29 30
13 56
14 26 27 33
15 37 74
16 73
17 37
18 22 49
19 25 63
20 47
21 40 41 59
22 39 54 75
23 69 89
24 64
25 26
26 35 58 75
27 28 31 34
28 44 48 68
29 46 85
30 55
31 45
32 59
33 43
34 39
35 61 73 82
36 90
37 57
38 65
39 42
40 83
41 73
42 78
43 53
44 79
45 52
46 72
47 90
48 51 62 77
49 57 60
50 77
51 66
52 81
53 62
54 57
55 69
56 81
57 84
58 74
59 77
60 66
61 70
62 70
63 67
64 68 71
65 86
66 75
67 78
68 90
69 71
70 76
71 88
72 87 88
73 80
74 82
75 78 81
76 80 83 84
77 80 84
78 83
79 86
80 85
81 89
82 85
83 86
84 87
85 88
86 87
87 89
88 91
89 91
90 91
91
