32 9 6
0 0 1 2
1 2 5
2 3 4 5 6 7 8
3 2
4 5 6 7 8
5 4 5
0 0
1 1 2 2
2 3 2 2
3 2 2 1
4 2 2 1
5 3 2 2
6 3 0 1 2 1
7 2 2 1 5 1
8 2 5 1
9 3 5 2
10 3 0 1 2 1
11 2 2 1
12 2 2 1 5 1
13 3 6 1
14 1 2 1 8 1
15 1 5 1
16 1 2 1
17 3 2 2
18 2 2 1 5 1
19 4 7 1
20 1 2 1 5 1
21 3 2 1
22 3 5 1
23 7 3 1 5 1
24 2 2 1 5 1
25 4 4 1
26 1 2 1 7 1
27 3 5 1
28 3 4 1 5 1
29 2 1 1 5 2
30 4 2 1 5 1
31 0
0 1 2 3
1 4 10 11
2 4 6 21
3 7 9 15
4 5 8 16
5 13 23
6 14 18 20
7 12 13 14
8 17 19 26
9 14 18 24
10 15 16 19
11 12 17 22
12 18 19 21
13 17 29
14 16 25
15 20 21 22
16 27
17 30
18 28
19 20
20 24 30
21 23 26
22 23 24 26
23 25 30
24 25 27
25 28 29
26 27 28
27 29
28 31
29 31
30 31
31
