92 9 17
0 4 5
1 0 1 2 4 5 6 7 8
2 3 4 5
3 4 5
4 3 4 5
5 8
6 6 7 8
7 3 4 5
8 7 8
9 6 7 8
10 6 7 8
11 3 4 5
12 7 8
13 8
14 4 5
15 7 8
16 5
0 0
1 3 6 2 7 1 8 1
2 2 4 1
3 3 6 1 8 1
4 4 7 1
5 4 3 1 4 1 5 1 7 2
6 3 4 1 5 1 7 1
7 2 3 1 4 1 5 1 7 1 8 1
8 2 7 1
9 5 4 1 7 2
10 1 3 2
11 2 1 1 4 1 5 2
12 3 4 2 6 1 7 1
13 4 3 1 4 2 8 1
14 2 4 1 5 1 7 2 8 1
15 4 4 2 5 1 7 2
16 4 3 1 4 1 7 1 8 1
17 3 7 1
18 3 5 1 6 1 7 1
19 3 6 1 7 3 8 1
20 2 5 1 7 2
21 1 4 1 6 1 8 1
22 1 4 1 5 1 6 2 7 1
23 2 4 2 5 1 7 2
24 3 6 1 7 1
25 1 4 1
26 6 5 1 6 1 7 2 8 1
27 4 7 1
28 4 4 2 5 1 8 1
29 3 3 1 6 1 7 3
30 4 5 2 7 3
31 2 4 1 7 1
32 5 5 1 6 2 7 2
33 2 4 1 8 1
34 3 5 1 6 1 7 1 8 1
35 2 3 1
36 1 3 1 5 1 7 2
37 3 5 1 6 1 7 1
38 1 3 1 4 1 5 1
39 2 7 1 8 2
40 3 3 1 5 1 6 1 7 1 8 1
41 3 0 1 3 2 4 1 8 1
42 4 3 1
43 2 4 3
44 3 3 2
45 2 3 1 4 1 7 1 8 2
46 2 3 1 5 1 6 1 7 1
47 4 5 1 7 3 8 1
48 3 5 2 7 1
49 3 4 1 5 3 7 1
50 1 4 1 7 1 8 1
51 3 6 1 7 3
52 1 7 1
53 2 6 1 7 1 8 1
54 1 5 1 7 2 8 1
55 3 0 1 4 1 5 1
56 2 7 1
57 3 5 1 6 1
58 2 1 1 7 1
59 2 4 1
60 2 4 1 6 1 7 2 8 1
61 1 3 1 4 1 5 1 7 1 8 1
62 2 3 1
63 4 4 2 7 3
64 4 3 1 4 1 7 1
65 2 7 2
66 1 3 1 5 1 6 1
67 2 2 1 4 1 5 1 7 2
68 1 5 1 7 2
69 3 7 1 8 1
70 2 6 1 7 1
71 3 3 1 6 2 7 1 8 1
72 1 3 1 5 1 6 1 7 1
73 2 6 1 7 1
74 4 4 1
75 1 5 3 7 1 8 1
76 1 3 1 5 1 7 2
77 2 4 1 5 2 8 1
78 1 4 1
79 6 5 2 8 1
80 5 4 2 5 1 6 1 8 1
81 2 4 2 6 1 7 2
82 2 5 1 7 1
83 1 3 2 4 1 5 1 7 1
84 1 4 1 7 2
85 2 2 1 6 1 7 1
86 1 3 1
87 1 2 1 3 1 7 1
88 5 0 1 4 2
89 2 7 2
90 5 4 1 7 1
91 0
0 1 2 3
1 8 9 19
2 12 15 46
3 4 39 63
4 5 6 10
5 7 13 20
6 33 67
7 14 66 74
8 16 17 64
9 40 53
10 11 22 34
11 28 60
12 37 41 65
13 26 45
14 32 47 49
15 21 24 42
16 26 69
17 18 29 48
18 27 31
19 54 57
20 23 58
21 37 68 79
22 25 43
23 24
24 66 75
25 27 28 55
26 36
27 30 47 83
28 35 44 80
29 35 40 59
30 71 82
31 33 51
32 35 36
33 65 70 84
34 47 57 67
35 72
36 38
37 50 56
38 41
39 55 61 84
40 45 58
41 52
42 43 49
43 50 65
44 82
45 51 57
46 55 70 78
47 80 90
48 76
49 56 69
50 77
51 62
52 58
53 60 76 90
54 62 78
55 88
56 82
57 70 71
58 76 81
59 73
60 62 69 89
61 64
62 66
63 67
64 79
65 89
66 68 84
67 71
68 81
69 81
70 83
71 73
72 87
73 74
74 77 86
75 77 86
76 88
77 90
78 79 80
79 87
80 86
81 83
82 85
83 85
84 85
85 88
86 87
87 89
88 91
89 91
90 91
91
