62 12 23
0 7 8
1 4 5
2 1 2
3 5
4 1 6 7 8 9
5 3 4 5
6 6 7 8
7 4 5
8 8
9 7 8
10 1 3 4 5
11 2
12 1 9
13 3 4 5
14 0 1 2
15 3 4 5
16 1 3 4 5
17 1 9
18 8
19 1 6 7 8
20 3 4 5 6 7 8
21 8
22 3 4 5
0 0
1 4 1 1 2 1 3 1 6 1 7 1
2 3 2 1 4 1 7 1
3 3 2 2 7 1 8 1
4 1 5 1 10 1
5 4 2 1 4 1 5 1
6 2 4 1 5 1 7 2 9 1
7 1 2 1 8 1 9 1
8 2 2 2 3 2 8 1
9 4 4 1
10 3 7 1
11 2 3 1 5 2 7 1 8 1
12 2 5 1 7 1 9 1
13 2 4 1 5 1 8 1 9 1
14 2 3 1 4 1 7 1 9 1
15 1 7 1
16 6 4 1 5 3 9 1
17 1 5 2 8 1 10 1
18 5 0 1 3 1 4 1 5 1 7 2
19 5 4 1 6 1 7 1
20 2 2 3 3 1 4 1 8 1 10 1
21 3 1 1 4 1 7 1 8 2
22 3 7 1 8 2
23 1 4 1
24 2 3 1 4 2 7 1
25 2 1 1 5 1 6 1 7 1 8 2
26 2 1 1 2 1 3 1 5 1 8 1
27 2 0 1 2 1 3 1 4 1 6 1 9 1
28 3 5 2 6 1 9 1
29 2 2 1 8 3
30 2 0 1 2 1 5 2 8 2 10 1
31 2 4 1 5 1 6 1 8 1 9 1 10 1
32 3 4 1 7 1 8 1
33 1 1 1 3 1
34 1 2 1 5 1 8 3 9 1
35 2 4 1
36 2 3 1 4 1 5 1
37 2 1 1 5 1 7 1 8 2
38 2 3 1 7 1
39 2 5 1 8 1 10 1
40 2 1 1 4 1 5 2 7 1 8 1
41 2 2 1 5 1 6 1 8 2 10 1
42 3 6 1 8 1
43 3 1 1 5 1 7 1 8 3 9 1
44 4 2 1 5 1 8 1 10 1 11 1
45 2 5 1 6 1 8 3
46 3 1 1 3 1 4 1 7 3
47 3 7 1
48 2 5 1
49 6 2 1 3 1 10 1
50 1 5 2 8 1 10 1
51 3 4 1 8 1
52 3 2 1 4 1 8 2 10 1
53 3 9 1 10 1
54 3 4 1 10 1
55 1 1 1 4 1 5 3 6 1 8 1
56 1 4 2 5 1 8 2
57 1 4 1 6 1 8 1 10 1
58 3 4 1 8 1
59 1 4 2 5 2 8 2 9 1
60 1 8 1
61 0
0 1 2 3
1 4 31 46
2 5 6 18
3 7 12 37
4 25 26 51
5 13 19 58
6 8 11 30
7 10 15 17
8 9 27 39
9 14 23 40
10 20 27 28
11 21 28 40
12 16 39 45
13 25 26
14 45 53 59
15 22 29 33
16 23 25 35
17 22 29 53
18 19
19 27 54
20 32 34 38
21 38 44 56
22 31 35 45
23 24 42 49
24 28 33
25 29
26 35 36 38
27 55
28 31 41 50
29 34 42 44
30 32 33 34
31 36 52 55
32 39 40
33 50
34 36 41
35 42 44 47
36 57
37 46 48 49
38 47
39 41 43 46
40 43 50
41 47 55
42 60
43 49
44 54
45 48
46 56
47 48 57
48 60
49 51 52
50 51 52 54
51 53
52 56
53 58
54 57
55 59
56 58 60
57 59
58 61
59 61
60 61
61
