92 9 14
0 4 5
1 3 4 5
2 6 7 8
3 5
4 6 7 8
5 8
6 1 2
7 7 8
8 4 5
9 1 2
10 3 4 5
11 3 4 5 6 7 8
12 0 1 2 6 7 8
13 6 7 8
0 0
1 2 0 1 4 1 5 1 7 1
2 2 4 1 5 1 7 1
3 2 1 1 7 1
4 1 1 1
5 2 5 1 7 2
6 1 1 1 4 1 6 1 7 1
7 5 5 1 8 1
8 2 5 3
9 1 8 1
10 1 5 2 6 1 8 1
11 5 2 1 4 1 6 1 8 1
12 2 1 1 5 1 7 2
13 2 1 1 5 1
14 3 7 2
15 3 3 1 4 1 7 1
16 5 4 1 5 1 7 1
17 2 4 1
18 2 3 1 4 1 7 1
19 1 4 1 5 1 6 2
20 6 1 1 3 1 5 1
21 2 2 1
22 2 2 1 3 1 4 1 7 1
23 1 5 2 7 1
24 6 2 1 3 1 5 2
25 2 1 1 5 2 6 1
26 3 1 1 8 1
27 1 3 1
28 3 4 1 6 2 7 1
29 1 2 1 4 1 6 1 8 1
30 4 1 1 4 1 6 1
31 4 2 1 7 1
32 3 5 1
33 3 2 1 3 1 7 2
34 3 5 1 7 1
35 2 4 1 5 1 6 1 7 1
36 4 4 1 7 1
37 4 6 1
38 2 4 1
39 5 1 1 3 1
40 3 4 1
41 3 1 1 5 1
42 3 3 1 5 2 6 1
43 3 5 2 6 1 7 1
44 2 4 1 5 1 8 1
45 1 1 1 4 1 5 1 8 1
46 3 2 1 4 1 7 1 8 1
47 6 7 1
48 5 1 1 4 1 5 1 6 1
49 6 1 1 4 1 6 1 7 1
50 3 6 2
51 4 7 1 8 1
52 3 4 1
53 5 2 1 3 1 6 1 7 1
54 3 1 1 7 1
55 2 1 1 3 1 4 1 8 1
56 3 2 1 5 2 7 1
57 3 1 1 3 1 7 1
58 2 2 1
59 5 6 1
60 1 0 1 6 1 7 1
61 4 1 1 5 1 7 1
62 5 4 1 5 2 7 1
63 4 4 1 5 1
64 5 4 1 5 1 8 1
65 2 4 1
66 3 4 1
67 2 5 3 7 1
68 4 6 1 7 1
69 2 3 1 4 1 5 1 6 1
70 4 2 1 5 1 6 1 8 1
71 1 3 2 4 1 7 1
72 3 2 1 7 2
73 2 2 2
74 4 4 1
75 1 4 1 7 1
76 3 2 1
77 2 2 1 7 1
78 5 8 1
79 1 1 1 6 1
80 5 5 1 6 1
81 3 7 1
82 2 3 1 5 1 7 2
83 3 4 1
84 3 1 1 2 1 5 1
85 5 3 1 5 1 7 2
86 2 2 1 3 1 5 1
87 1 6 1
88 4 4 2 7 1
89 1 2 2 5 2
90 4 1 1 4 1 5 1 7 1
91 0
0 1 2 3
1 4 6 15
2 8 21 27
3 5 19 43
4 52 75
5 10 61
6 7 11 14
7 23 57
8 9 12 18
9 44 49
10 22 24 26
11 13 17 31
12 16 25 63
13 45
14 20 37 45
15 26 34 35
16 17 40 51
17 30 32 36
18 90
19 29 42
20 62 69 70
21 47
22 33 48 51
23 62
24 27 35
25 38 42 72
26 28 54
27 85
28 46 88
29 53 55
30 53 75
31 56
32 41 49
33 39 59 74
34 38
35 84
36 64
37 68
38 45 48
39 41 83
40 44
41 50 82
42 59
43 64 72
44 60 66
45 70
46 55 77
47 49 66 67
48 59 77
49 80 81
50 55 90
51 64 65 69
52 68 78
53 71
54 58
55 76 81
56 60
57 61 79
58 69 87
59 66 70 76
60 67 77 79
61 67
62 65
63 71 73
64 73
65 75 78 86
66 71 73
67 78
68 72
69 90
70 84
71 79 82
72 74
73 86
74 80 86
75 76 83
76 89
77 81
78 82
79 80 83
80 84
81 87
82 85
83 85
84 88
85 88 89
86 87
87 89
88 91
89 91
90 91
91
