32 12 7
0 2 8
1 7 8
2 3 4 5 6 7 8
3 1 9
4 1 6 7 8
5 0 1 2
6 5
0 0
1 5 4 1 9 1
2 4 6 1 8 1 11 1
3 2 2 1
4 3 7 1 8 1
5 3 2 1 4 1
6 7 9 1
7 1 0 1 7 1
8 3 9 1
9 2 3 1 9 1
10 3 8 1
11 3 6 1
12 1 7 1
13 3 7 1
14 3 4 1
15 2 7 1 8 1
16 3 2 1 10 1
17 3 8 1
18 3 0 1 5 1
19 4 10 1
20 2 1 1 10 1
21 1 8 1 9 1
22 1 8 1
23 2 8 1
24 3 7 1 10 1
25 3 1 1 7 1
26 1 6 1 7 1
27 6 7 1 9 1
28 4 2 2
29 5 2 1 4 1
30 2 2 1
31 0
0 1 2 3
1 4 5 6
2 9 13 14
3 4 6 7
4 11 12 16
5 10 12 17
6 8 13 27
7 13 21 24
8 11 20 30
9 10
10 15 16
11 15 23
12 15 18 21
13 20 22 23
14 19 21 24
15 29
16 18 19
17 18 20 24
18 22 27 28
19 22 26
20 25 28
21 23 26
22 25 30
23 28
24 25 26 30
25 29
26 27
27 29
28 31
29 31
30 31
31
