32 9 7
0 1 2
1 7 8
2 4 5
3 0 1 2 3 4 5 6 7 8
4 2 5
5 2 6 7 8
6 3 4 5
0 0
1 1 5 1 7 1
2 3 7 1
3 1 6 1 7 1
4 4 7 2
5 3 5 1
6 3 1 1
7 2 2 1 5 1
8 2 5 1
9 3 4 1 7 1
10 3 2 1
11 1 2 1
12 3 1 1 5 1
13 1 0 1
14 3 7 1
15 1 4 1 7 1
16 1 4 1 7 1
17 2 7 1
18 5 4 1
19 1 0 1 2 1
20 2 1 1 3 1
21 1 5 2
22 1 2 1 4 1
23 3 0 1 5 1
24 2 1 1 7 1
25 1 2 1
26 1 0 1 5 1
27 2 4 1
28 4 7 1 8 1
29 2 7 2
30 4 7 2
31 0
0 1 2 3
1 5 13
2 4 12 21
3 6 8 9
4 11
5 7 9 16
6 15 18 23
7 18
8 10 21 24
9 10
10 14 17 27
11 17
12 22 27
13 15 26
14 20 23
15 19 24 25
16 21 22
17 26 28
18 20 22
19 27 29
20 25
21 23 28
22 25 30
23 26
24 29 30
25 29
26 30
27 28
28 31
29 31
30 31
31
