32 12 18
0 5
1 0 1 2 3 4 5
2 1 3 4 5 8 9
3 1 3 4 5 9
4 1 2
5 7 8
6 3 4 5
7 5 7 8
8 1 2
9 1 6 7 8 9
10 7 8
11 7 8
12 1 6 7 8
13 6 7 8
14 8
15 7 8
16 1 6 7 8 9
17 1
0 0
1 3 5 1 7 2 8 1
2 1 2 1 5 2 8 1 9 1
3 3 8 1
4 1 1 1 5 1
5 3 7 1 10 1
6 3 5 1 6 2 7 1 8 1
7 5 2 1 6 1 7 3 9 1
8 2 5 2 7 1 8 2
9 1 9 1
10 4 2 1 3 1 4 1 6 1 8 1
11 3 3 1 4 1 8 2
12 1 7 1 8 2 9 1 10 1
13 1 3 2 5 1 8 2 10 1
14 2 8 1 10 1
15 2 3 1 7 1 8 1
16 3 6 1 7 1 8 1
17 4 2 2 5 1 7 2
18 2 6 1 7 1 8 2 10 1
19 2 1 1 2 1 5 1 7 1
20 3 2 1 3 1 7 2
21 3 6 1
22 2 1 1 7 1 9 1
23 2 1 1 2 1 3 1 7 1 8 1
24 1 2 1 3 1 4 1 5 1
25 3 3 1 6 1 8 1 10 1
26 1 7 1
27 1 1 1 2 1 8 1 9 1 10 1
28 4 3 1 11 1
29 6 0 1 5 2 6 1
30 2 8 2 10 1
31 0
0 1 2 3
1 5 10 14
2 6 7 12
3 4 8 9
4 19
5 29
6 26
7 11 18 26
8 13
9 15 24
10 19 25
11 13
12 16 17
13 16
14 24
15 20 21
16 21
17 19 21
18 23 28
19 22 24
20 27
21 22
22 23
23 29
24 29
25 30
26 27
27 30
28 31
29 31
30 31
31
