32 12 11
0 2
1 1 3 4 5 9
2 2
3 1 6 7 8
4 0 1 2
5 1 2 6 7 8
6 1 2
7 1
8 1 9
9 1 3 4 5 6 7 8
10 1 2
0 0
1 2 4 1
2 1 2 1 8 1
3 2 10 1
4 6 1 1 10 1 11 1
5 1 2 2 10 1
6 1 2 1 3 1
7 1 11 1
8 1 1 1 2 1
9 2 2 1 7 1
10 3 8 1
11 1 1 1 6 1 11 1
12 4 2 1
13 1 2 1
14 3 2 2 10 1
15 3 2 1 9 1
16 2 2 1 9 1
17 2 0 1 8 1 11 1
18 1 0 1 2 1
19 3 1 1 8 1
20 1 7 1 11 1
21 1 7 1
22 2 2 2
23 4 2 1 7 1 11 1
24 1 2 1 6 1 11 1
25 3 2 1
26 1 2 1
27 5 6 1
28 2 11 1
29 5 2 1 5 1 7 1
30 3 2 1 7 1 11 1
31 0
0 1 2 3
1 4 10 18
2 15
3 5 6 13
4 7 8 11
5 9 22
6 23
7 26
8 21
9 12
10 20
11 12 14
12 17 24 25
13 23
14 16 21
15 18 30
16 19
17 27
18 28
19 28
20 27
21 30
22 29
23 24 25 30
24 27 29
25 26
26 29
27 28
28 31
29 31
30 31
31
