32 15 34
0 1
1 3 4 5
2 7 8
3 1
4 1 6 7 8 9
5 5
6 8
7 1
8 1 9
9 7 8
10 1 9
11 4 5
12 3 4 5
13 3 4 5 8
14 7 8
15 1
16 1
17 1
18 1 2 8
19 0 1 2
20 3 4 5
21 5 6 7 8
22 1
23 1 3 4 5 6 7 8
24 1 9
25 3 4 5
26 4 5
27 1
28 1 5
29 1
30 7 8
31 6 7 8
32 1
33 1
0 0
1 1 4 1 8 1 9 1
2 2 8 1 9 1 13 1
3 1 2 1 5 1 8 1 11 3 13 1
4 1 8 1 11 1 13 1 14 1
5 3 6 1 7 2 8 1
6 2 3 2 4 1 5 2 8 1 9 1 12 1 13 2 14 1
7 7 5 2 8 1 11 2
8 1 10 1 13 1
9 2 10 1 11 1
10 4 5 2 8 1 10 1 11 1 12 1 13 1 14 1
11 3 4 1 5 2 6 1 7 2 8 2 10 1 12 1 13 1
12 4 4 1 7 1 10 1 11 3 13 2 14 1
13 2 2 1 5 1 8 1 11 1 12 2
14 2 2 1 4 1 5 3 11 2 12 1
15 1 0 1 5 3 7 1 11 3 12 1 13 1
16 2 13 1
17 2 1 1 4 1
18 3 2 1 4 2 7 3 8 1 10 1 11 2 13 1
19 2 5 2 8 1 13 1
20 3 3 1 5 1 8 3 11 1 12 2 13 2 14 1
21 3 4 2 5 2 6 1 7 2 8 1 9 1 13 1 14 1
22 3 5 1 6 2 8 1 11 2 13 1 14 1
23 8 4 1 8 1 10 1 11 1 13 3
24 1 2 1 5 1 8 1 10 1 11 2 13 2 14 1
25 4 7 1 12 1
26 3 3 1
27 3 4 2 5 3 9 1 10 1 14 1
28 1 5 1 7 1 8 2 11 1 12 2 14 1
29 2 5 1 11 1 13 1
30 4 5 2 8 2 11 2 12 1 13 2
31 0
0 1 2 3
1 4 11 14
2 23
3 18
4 5 6 17
5 25
6 7 18 23
7 8 9 19
8 20 21 25
9 10 12 20
10 16 21
11 13 15 19
12 13 16 22
13 21 26
14 17
15 17 28
16 27
17 20 24
18 29
19 22 30
20 22
21 24 27
22 29
23 24 25 28
24 30
25 30
26 27 29
27 28
28 31
29 31
30 31
31
