92 12 14
0 1 6 7 8
1 0 1 2 5 9
2 1
3 1 2
4 1
5 8
6 4 5 8
7 1 2 6 7 8 9
8 1 8
9 1 4 5 6 7 8
10 3 4 5
11 1 9
12 5
13 7 8
0 0
1 4 1 1 5 1 6 1 8 1
2 2 6 1 9 1
3 2 5 1 9 1 11 1
4 1 0 1 7 1 8 1
5 5 10 1
6 1 10 1
7 1 2 1 5 1
8 6 1 1 5 1 10 1 11 1
9 4 6 1 10 1
10 1 4 1 5 1 9 1 10 1
11 1 10 1
12 3 5 1 8 1 10 2
13 2 5 2 8 1
14 2 2 2 5 1 6 1
15 1 9 1 11 1
16 2 5 1 11 1
17 2 2 1 5 1 10 1 11 1
18 2 11 1
19 2 8 2 9 1
20 4 5 1 8 1 10 1
21 4 4 1
22 3 1 1
23 2 4 1 5 1 10 1 11 1
24 3 8 1
25 2 5 1 6 1 8 1
26 7 4 1 10 1
27 3 5 1 8 1 11 1
28 2 3 1 8 1 9 1 10 1
29 2 8 1
30 2 5 1
31 2 10 1
32 2 8 1
33 2 1 1 8 1 10 1
34 2 8 1
35 3 8 1 9 2 11 1
36 2 5 2 8 1 10 1
37 3 4 1
38 6 5 1 8 1
39 4 5 1 9 1 10 1 11 1
40 2 3 1 5 1 8 1 11 1
41 1 8 2
42 3 8 2
43 3 4 1 5 1 7 1 10 1
44 6 5 1 11 1
45 1 4 1 8 1 11 1
46 2 10 2 11 1
47 4 8 1 11 1
48 2 2 1 7 1 8 1
49 2 3 1 5 1
50 3 8 1 10 1
51 3 6 1 8 1 10 1 11 1
52 3 3 1 10 1
53 5 2 1 7 1
54 4 2 1 8 1 10 1
55 2 1 1
56 3 6 1
57 3 9 1
58 2 8 1 10 1
59 3 2 1 10 1
60 4 1 1 5 1 7 1
61 7 7 1 8 1 10 1 11 1
62 3 3 1 5 2 11 1
63 2 2 1 5 1 8 1 10 1
64 1 10 2
65 3 8 1 9 1
66 3 7 2 10 1
67 3 8 1 10 1
68 2 7 1 10 1
69 3 10 1
70 3 5 1
71 2 6 1 10 1 11 1
72 1 10 1
73 2 7 1
74 3 8 2 10 1
75 4 1 1
76 3 2 1 11 1
77 4 8 2 9 1 10 1
78 3 4 1 7 1 8 1
79 4 8 1
80 1 7 1 8 1 10 1
81 2 6 1 9 1
82 2 8 1
83 2 8 1 9 1 10 1
84 6 10 2
85 3 2 1 8 1 11 1
86 4 5 2 10 2
87 5 10 1
88 3 0 1 5 2 8 1
89 1 1 2 5 1 10 1
90 2 2 1 6 1 8 1
91 0
0 1 2 3
1 5 8 11
2 4 14 64
3 6 7 41
4 23 66 74
5 12 44 60
6 9 13 26
7 25 30
8 10 17 23
9 20 30 57
10 27 29 31
11 18 46 63
12 15 19 64
13 20 38 47
14 59
15 16 21 28
16 52 73
17 47 60
18 24 58
19 36
20 33 42
21 22 35 75
22 30 39 54
23 54 59 68
24 61 72 88
25 32 37 46
26 33 34 58
27 44 84 87
28 29 43 47
29 40 52 71
30 45
31 51
32 36 38 48
33 40 65 74
34 48 56
35 39 46 51
36 42 65
37 38 57
38 49 62 63
39 55 61 86
40 55
41 57 60 67
42 43 45 51
43 49 63
44 53 56 62
45 68 71 77
46 48 53
47 59 70 81
48 61 78
49 50 52 66
50 54 75
51 55 67 69
52 53 58 70
53 90
54 56 67 72
55 81
56 85
57 66 74
58 83
59 65
60 69 77
61 62 89
62 68
63 72 73
64 69
65 76 78
66 70
67 71 76 78
68 81
69 73 88
70 75 82
71 79 84
72 79 86
73 79
74 77
75 76
76 80 83 84
77 80 82
78 82 86
79 80 83
80 87
81 90
82 85
83 87
84 85
85 88 89
86 90
87 89
88 91
89 91
90 91
91
