92 15 30
0 5
1 3 4 5
2 1 9
3 8
4 1 9
5 7 8
6 3 4 5
7 2
8 1
9 1
10 7 8
11 1
12 1 2
13 1 2 3 4 5 6 7 8
14 1 9
15 1 9
16 4 5
17 0 1 2 6 7 8
18 1 9
19 2
20 1 6 7 8
21 1 2
22 1
23 1
24 8
25 1
26 1 9
27 1 9
28 3 4 5
29 1 9
0 0
1 2 4 1 7 1
2 1 2 1 3 1 4 1 8 1 9 2 14 1
3 2 5 1 8 1 11 1
4 2 2 1
5 4 2 1 11 1
6 1 2 2 4 1 11 3 13 1
7 3 2 1 8 1 10 1
8 3 2 2
9 2 2 1 5 1 7 1 8 1 9 1 11 1 13 1
10 2 1 1 2 1 4 1 5 1 9 1 11 2 14 1
11 3 2 1 8 2 10 1 13 1
12 2 2 1 3 1 8 1 9 1
13 2 2 1 5 1 8 1 11 1
14 2 1 1 2 2 5 1 7 2 10 1
15 5 2 2 8 2 10 2 11 3
16 3 2 1 4 1 5 1 10 4 11 2 13 1
17 3 3 1 5 4 8 3 11 1
18 4 2 1
19 2 7 1
20 2 3 1
21 2 3 1 4 1 5 1 7 1 8 1 10 1 11 3
22 2 1 1 2 1 4 2 5 1 8 1 9 1 11 1 13 1
23 2 8 1
24 1 1 1 5 1 8 1 9 1 10 3 11 3
25 2 2 1 5 1 8 2 10 2 11 1 13 1
26 2 1 2 3 1 4 1 5 2 7 1
27 2 2 2 3 1 6 1 7 1 8 2 9 1 11 2
28 4 1 2 5 1 6 1 9 1 10 1 11 3 14 1
29 2 3 1 4 1 10 1 11 3 13 2 14 1
30 3 5 1
31 3 2 1 4 1 5 1 7 1 9 1
32 2 2 1 7 1
33 1 1 1
34 4 2 1 8 2 9 2 10 1 11 3
35 2 1 1 2 1 5 1 7 2 8 2 10 1 13 1 14 1
36 5 2 1 9 1
37 3 7 1 10 1
38 4 1 1 4 1 5 1 8 1 9 1 10 1 11 1 13 1
39 3 7 3 10 2 11 1
40 2 1 1 3 1 6 1 8 1 10 1
41 1 2 1 5 1 7 2 8 1 11 1
42 4 0 1 2 1 7 1 8 1 10 2 11 1 12 1 14 1
43 1 2 2 5 1 6 1 8 1 10 3 13 1 14 1
44 2 2 1 6 1 7 1 8 1 9 2 10 1 11 3
45 2 8 1 11 1
46 2 2 1 4 1 5 1 8 2 9 2 10 3
47 2 5 1 6 1 7 1 8 1 9 1 10 1
48 4 2 1
49 3 2 2 8 1 9 2 10 1 13 1 14 1
50 4 0 1 4 1 8 1 10 1
51 3 0 1 5 1 8 1 11 1 14 1
52 2 11 1
53 1 7 1 13 1 14 1
54 2 2 1 5 2 7 1 9 1 10 1 11 2
55 4 2 2 8 2 10 1 11 2
56 4 8 1 10 1 11 1 13 2
57 3 10 4 11 1
58 2 1 1 2 1 3 1 5 1 9 2 11 2 14 1
59 5 2 1 5 1 7 2 9 2
60 1 2 1 13 1
61 1 2 2 9 1 10 2 11 2
62 3 1 2 2 1 6 1 8 1 10 3 11 1 14 1
63 3 2 1 3 1 5 1 7 1 10 2
64 2 1 1 2 1 5 1 7 2 8 1 10 3 13 1
65 1 2 1 3 1 5 1 8 2 10 1 11 1 12 1
66 4 2 1 5 1 9 1 10 1 11 1 13 1
67 2 0 1 3 1 9 2 10 1 11 2 13 1
68 1 1 1 2 1 4 1 5 1 11 1
69 3 2 1 4 1 5 1 7 2 11 2
70 2 9 1 13 1
71 2 2 1 5 1 11 2
72 2 1 1 2 1 4 1 8 1 10 2 14 1
73 1 5 1 8 1
74 4 4 1 8 3 11 1 12 1
75 2 1 1 5 3 7 1 9 1
76 4 5 1
77 3 2 2 4 1 8 2 9 1 10 1 14 1
78 1 4 1 9 1
79 3 4 1
80 3 8 1 11 1
81 3 3 1 4 1 5 1 11 1 14 1
82 3 8 1
83 2 4 1 10 1
84 2 2 1 5 1 9 2 10 2 11 3 14 1
85 4 7 2 8 2 11 2
86 1 6 1 8 2
87 3 4 1 9 1 10 1 13 1
88 2 2 1 3 1 4 1 5 1 8 1 10 1 11 3
89 1 5 1 7 1 8 1 10 3 11 2 12 1 13 1
90 2 2 1 5 1 11 1 14 1
91 0
0 1 2 3
1 15 16
2 4 13 14
3 5 7 11
4 8
5 6 19 28
6 9
7 10 20 21
8 73
9 12 40
10 18 24 36
11 23 35
12 31 84
13 38 49 58
14 17 22 46
15 54
16 25 29 79
17 81
18 26
19 37
20 39 74
21 59
22 30
23 27
24 83
25 43 47 64
26 62
27 34 37
28 32 33 53
29 45
30 41 42
31 48
32 50 60 83
33 52
34 88
35 36
36 72 85
37 51
38 67 78 86
39 44
40 56 57
41 43
42 70
43 77
44 56 82
45 63 66 68
46 48 61
47 61 63
48 65
49 89
50 71 75
51 55
52 75 77
53 66
54 63
55 70
56 87
57 76
58 80
59 61
60 76
61 68
62 67
63 84
64 69
65 83
66 76
67 89
68 71 73 75
69 77
70 82
71 80
72 73 81
73 80 89
74 79 85
75 86
76 86
77 78
78 81
79 90
80 88
81 82
82 84
83 87
84 88
85 90
86 87
87 90
88 91
89 91
90 91
91
