62 12 15
0 2
1 1
2 1 4 5
3 4 5
4 0 1 2
5 1
6 4 5 6 7 8
7 1 3 4 5 6 7 8 9
8 1
9 1 9
10 1 2 3 4 5
11 2
12 1 5 6 7 8 9
13 1 6 7 8 9
14 5
0 0
1 2 5 1 11 1
2 4 2 2 4 1 11 1
3 3 4 1 5 1 6 2 10 1
4 1 2 2 3 1 5 1 10 1
5 2 2 2 4 1 9 1 10 1
6 3 2 1 11 1
7 1 9 1 11 1
8 4 2 1
9 1 2 1 10 1
10 3 4 1 5 1 8 1 10 1 11 1
11 3 4 1 5 1 8 1 10 1
12 2 4 1 7 1 10 2 11 1
13 3 2 1 5 1 9 1 11 1
14 4 10 2
15 3 2 1 4 1 5 1
16 2 2 2 9 1 10 1
17 5 2 1 11 1
18 3 2 1 5 1 7 1
19 5 2 2 9 2 11 1
20 2 1 1 2 1 3 1 10 2
21 3 5 1 6 1
22 3 1 1 9 1
23 4 6 1 7 1
24 3 1 1 2 1 4 1 10 1 11 1
25 3 1 1
26 3 2 1 8 1 9 1
27 2 1 1 2 1 4 1 10 1
28 5 7 1 10 1
29 2 7 1 10 1 11 1
30 2 2 1 4 1 8 1
31 8 2 1 5 1 9 1
32 3 11 1
33 1 0 1 2 1 3 1 11 1
34 4 5 1 10 1
35 4 1 1 9 2 10 1 11 1
36 2 1 1 3 1 6 1 9 1
37 2 7 1
38 3 2 1 9 1
39 2 2 1 5 2 10 1
40 4 5 1 11 1
41 2 2 2
42 3 3 1 5 1 11 1
43 4 4 1 6 1
44 4 1 1 2 1 4 1 10 1
45 3 7 1 9 1 10 2
46 5 5 2 9 1 10 1 11 1
47 2 2 1 11 2
48 2 2 2 5 1 11 1
49 3 2 1 5 1 9 1 10 1
50 2 2 1 4 1 7 1
51 2 6 1 9 1
52 1 1 1
53 3 2 2 10 1
54 2 3 2 4 1 5 1 8 1
55 5 10 1 11 1
56 5 4 1
57 2 2 1 5 1 10 1
58 5 5 2 8 1 11 1
59 3 8 1
60 2 2 1 7 2 10 1 11 1
61 0
0 1 2 3
1 7 23
2 4 5 10
3 13 45
4 8 9 18
5 6 28
6 16 20
7 14 29
8 17
9 51
10 11 12 43
11 13 15 30
12 19
13 27 53
14 26
15 25 33
16 26
17 21 24 31
18 39
19 22 34
20 42
21 41
22 32
23 40 50
24 41 44
25 45
26 32 52
27 50
28 46
29 44
30 34 54
31 37
32 35 38
33 54
34 36 60
35 44
36 53
37 49 51
38 47
39 45 58
40 41
41 48
42 48 54
43 56
44 49
45 55
46 56
47 49
48 51 57
49 55
50 56
51 58
52 53 57
53 55
54 59
55 59
56 58
57 59 60
58 61
59 61
60 61
61
