92 12 20
0 2
1 3 4 5
2 8
3 2
4 1 8 9
5 3 4 5 6 7 8
6 1 2 5
7 7 8
8 1
9 7 8
10 1
11 6 7 8
12 1
13 1 4 5
14 3 4 5
15 4 5
16 0 1 2 6 7 8
17 2
18 3 4 5
19 5
0 0
1 1 4 1
2 1 2 1 8 2
3 5 2 1 3 1 4 1 8 1 10 1
4 1 0 1 1 1 2 1 3 1
5 3 2 1 5 1 8 1 10 1
6 2 4 1 5 1 6 1 7 1 8 1 10 1
7 1 2 1
8 2 5 1 10 1
9 3 10 1
10 1 4 1 6 1 7 1 8 1 10 1
11 2 2 1 3 1 8 2
12 1 2 1 4 1 7 1 8 1 10 1 11 1
13 3 0 1 2 2 4 1 8 1
14 2 8 1
15 4 2 2 3 1 6 1 7 1 8 1
16 3 1 1 2 1 7 1
17 3 7 2 8 1 10 1
18 2 4 1 5 1 7 1 9 1 10 1 11 1
19 2 2 1 3 1 5 1 10 1
20 2 10 1
21 4 1 1 2 1 5 1 7 1 8 1 10 1
22 5 3 1 6 1 7 1 10 1
23 2 10 1
24 2 2 1 5 1 6 1
25 1 4 1 7 1 11 1
26 4 2 1 5 1 8 1 10 1
27 1 8 1 10 1
28 3 2 2 5 1 8 1 10 2
29 2 3 1
30 2 2 1 3 1 4 2 10 1
31 3 1 1 3 1 4 1 10 2
32 3 3 1
33 3 3 1 10 1
34 2 5 1 8 1 10 2
35 2 2 1 3 1 4 1 5 1 9 1
36 2 2 1 4 1 8 1 11 1
37 1 4 1 7 1
38 3 2 1 4 1 5 1 6 1 8 2
39 2 2 1 3 1 8 1
40 2 1 1 4 1 6 1 11 1
41 4 2 1 5 2 6 1 7 1 10 1
42 2 1 1 4 1 7 1 10 1
43 2 2 2 4 2 8 1 10 1
44 4 0 1 4 2 8 2
45 2 1 1 4 1 7 1 8 1
46 2 2 1
47 2 2 1 4 2 9 1 10 1 11 1
48 1 2 1 4 2 6 1 9 1
49 1 2 1 7 1 8 1 10 1
50 3 1 1 2 2 4 1 6 1 8 1
51 2 5 1
52 3 5 1 7 1
53 4 1 2 2 2 5 1
54 5 2 1 4 1 5 1 6 1 10 1 11 1
55 1 2 1 5 1 6 2
56 1 2 1 4 1 5 2 10 1
57 2 0 1 4 1 7 1 8 1 10 1 11 1
58 2 2 1 8 1
59 2 3 1 7 1
60 1 2 2 8 1 10 1
61 5 10 1
62 1 2 2 3 1 5 1 8 1
63 3 2 1 8 1
64 4 2 1 5 1 7 1 10 1 11 1
65 2 2 1 6 1
66 3 4 1 5 1 7 1
67 1 5 2 8 1
68 1 2 1
69 2 2 2 10 1
70 3 5 1 8 1 10 1
71 3 1 1 2 1
72 2 5 1 7 1 10 1 11 1
73 3 2 1 4 1
74 3 10 1 11 1
75 2 2 1 7 1
76 1 5 1 9 1
77 2 2 1 7 2
78 3 2 1 3 1 5 1
79 3 2 1 3 1 5 1 7 1 8 1 11 1
80 1 5 1 8 1
81 3 2 1 6 1 10 1
82 3 11 1
83 4 2 1 7 1
84 3 3 1
85 1 2 1 5 1
86 4 10 1
87 6 2 2 5 1 7 1 8 1 11 1
88 4 2 1 10 1
89 2 2 1
90 2 4 1 8 1 10 1
91 0
0 1 2 3
1 11 44
2 4 6 12
3 5 7 50
4 10 50 69
5 8 15 18
6 13 14 16
7 23 27 56
8 9 21 32
9 20 64 65
10 19 33
11 19 30 31
12 22 40 52
13 57 62 83
14 26 52
15 17 24 44
16 29 55 67
17 35 54
18 84
19 34 36 89
20 22
21 37 38 43
22 75
23 25 32 60
24 25 28 32
25 40
26 35 39
27 62
28 59 80
29 41 73
30 63
31 34 46
32 42 43 59
33 85
34 45
35 47 71 76
36 49 79
37 70
38 46 48 65
39 59 63 81
40 76
41 56 57 81
42 68
43 55 70
44 51 80
45 53 66
46 89
47 49 62
48 61 70
49 83
50 60
51 61 87
52 55 61 72
53 74
54 60 88
55 77
56 69 72
57 58 76
58 77 85
59 82
60 73
61 71
62 67 79
63 72 78
64 68 73 78
65 71
66 87
67 75
68 79
69 74
70 75 90
71 74 77
72 82
73 89
74 78
75 81
76 80 84
77 90
78 83
79 90
80 82
81 86 87
82 85
83 84
84 86
85 86
86 88
87 88
88 91
89 91
90 91
91
