32 15 12
0 0 1 2 9
1 1
2 1
3 1 5
4 1
5 4 5
6 1
7 1
8 1 3 4 5
9 1 5 6 7 8
10 1 4 5
11 1 9
0 0
1 2 5 2 10 1
2 1 5 1
3 5 5 1 12 1
4 1 10 1 12 1
5 3 5 1 11 1
6 3 3 1 5 1 10 2
7 4 4 1 7 1 13 1
8 1 4 1 13 1
9 3 4 1 5 1 13 1 14 1
10 4 12 1
11 5 12 1 13 2
12 3 4 1
13 3 0 1
14 1 13 1 14 1
15 4 11 1 13 3
16 2 2 1
17 3 4 1 5 1 6 1 11 1
18 1 1 1 7 1
19 3 13 1
20 2 13 1
21 3 12 1
22 3 11 1 13 1
23 4 8 1 10 1 14 1
24 4 4 1 9 1 13 2
25 3 5 1
26 3 3 1 12 1 13 1
27 1 5 1
28 1 7 1 10 1 12 2
29 4 3 1 4 1 14 1
30 1 13 1
31 0
0 1 2 3
1 6 13 17
2 5 8
3 4 12 17
4 5 7 9
5 19 20 21
6 10 16 30
7 11 14 15
8 17 23 24
9 13 14
10 14 15 24
11 16 21
12 15 22 30
13 16 20 21
14 18
15 18 25
16 19 22 23
17 18 25 30
18 19 20 26
19 28 29
20 29
21 22 23 24
22 25
23 27 28
24 26
25 26 28
26 27
27 29
28 31
29 31
30 31
31
