32 15 25
0 6 7 8
1 6 7 8
2 6 7 8
3 7 8
4 0 1 2 9
5 6 7 8
6 5
7 1
8 1 2
9 1 9
10 1 9
11 8
12 3 4 5
13 1 6 7 8
14 1 6 7 8
15 1 8
16 1 6 7 8
17 6 7 8
18 1
19 1
20 1
21 1 3 4 5 9
22 3 4 5
23 1
24 1 9
0 0
1 4 4 1 5 1 6 1 7 1 9 1 10 1 12 1
2 2 5 1 8 1 10 1 11 1
3 4 3 1 6 1 11 1 13 2
4 3 5 1 11 1 14 1
5 6 8 1
6 2 1 1 3 1 4 1 6 1 10 1 12 1 13 1
7 4 7 1
8 1 8 1
9 3 5 1 6 1 7 1 8 2 9 1 11 1 13 1
10 4 4 1 6 1 8 1 10 1
11 3 2 1 4 1
12 2 0 1 7 1 10 1 11 1 13 1 14 1
13 2 9 1 11 1 12 1 13 2
14 2 1 1
15 2 1 1 4 1 7 1 10 1 12 1
16 3 8 1 11 1 13 1 14 1
17 1 2 1 3 1 9 2
18 4 2 1 5 1 8 2
19 2 5 1 6 2 7 2 8 1 12 2
20 4 1 1 3 1 5 1 6 1 8 1 11 1 13 1
21 1 3 1 5 1 6 1 7 1 8 4
22 2 1 1 9 1 13 1 14 1
23 1 4 1 6 1 7 1 8 1 11 2 13 1 14 1
24 2 4 1
25 3 6 2 7 2 11 1 13 2
26 3 10 1 14 1
27 2 5 1
28 2 8 1 12 1
29 2 7 1
30 3 6 1
31 0
0 1 2 3
1 7 12 15
2 9 15 19
3 4 5 6
4 10 11 14
5 8 9 17
6 7 9 13
7 18 21 30
8 15 16 25
9 14 18 27
10 16 17 25
11 12 22
12 16 17 24
13 18 20 21
14 21 23
15 23 27
16 20 23
17 28 29
18 22
19 20 24
20 26 27
21 22
22 24 26
23 26 30
24 25
25 29
26 28
27 28 29 30
28 31
29 31
30 31
31
