62 15 11
0 1 9
1 1 5 9
2 1
3 3 4 5
4 1
5 1 2 4 5
6 0 1 2
7 4 5 6 7 8
8 1
9 1 3 4 5
10 6 7 8
0 0
1 1 1 1
2 1 4 1 5 1 10 1
3 2 11 2 14 1
4 2 9 1
5 3 4 1
6 3 2 1 4 1
7 3 2 1 11 2
8 2 9 1 11 1 14 1
9 3 14 1
10 1 10 2
11 1 4 1
12 1 3 1 11 1
13 3 0 1 3 1 12 1
14 1 6 1
15 3 9 1
16 3 8 1 9 1
17 2 11 1 12 1
18 2 11 1 14 1
19 2 0 1 4 1 10 1
20 1 4 1 7 1
21 1 10 2
22 3 2 1 3 1 10 1
23 3 1 1 7 1
24 1 11 1
25 2 0 1 5 1 11 1
26 2 10 1 11 2
27 2 4 1 11 1
28 2 11 1
29 2 11 1
30 3 11 1 14 1
31 3 11 1
32 3 11 1 13 1 14 1
33 1 4 1 11 1
34 2 6 1 11 1 14 1
35 1 10 1
36 1 1 1 13 1 14 1
37 3 4 2 11 1
38 1 3 1 11 1
39 1 9 1
40 3 3 1
41 3 5 1 6 1 14 1
42 2 0 1 5 1
43 1 0 1 4 1
44 1 5 1 11 2
45 2 2 1
46 3 5 1
47 2 5 1 10 1
48 2 5 1 11 1 14 1
49 2 5 1 11 1 13 1
50 1 3 1
51 2 3 1 5 1 11 1
52 2 4 1 11 1
53 3 14 1
54 4 11 1
55 2 1 1 4 1 11 1
56 2 7 1 11 1
57 2 14 1
58 4 5 1
59 1 5 1
60 3 3 1
61 0
0 1 2 3
1 7 13 18
2 4 12 38
3 6 9 15
4 5 17 46
5 8 19 20
6 21 26
7 11
8 10 11 18
9 22 28 35
10 25
11 14 28
12 35
13 55
14 24 26 45
15 16 48 56
16 29 44
17 34
18 31 42 49
19 43
20 24 25 27
21 23 36
22 46
23 27
24 30 35 40
25 32 34 51
26 40 47
27 41 50
28 37 42 53
29 33 39
30 34
31 45
32 45 52
33 57
34 41
35 49
36 37 52 54
37 51
38 43 48
39 42 46
40 49 53 54
41 43 56
42 47 55
43 44 52
44 58
45 47
46 57
47 59 60
48 50
49 50
50 51 58
51 55
52 53
53 60
54 56 58
55 57 60
56 59
57 59
58 61
59 61
60 61
61
