32 9 12
0 3 4 5
1 2
2 4 5
3 3 4 5
4 1 2 4 5
5 2 5
6 2
7 4 5 8
8 6 7 8
9 7 8
10 0 1 2
11 7 8
0 0
1 1 2 1 3 1 5 1 7 1
2 3 0 1 3 1 5 1
3 5 4 1 7 1
4 1 2 1 7 1 8 1
5 3 2 3 4 1
6 6 7 1
7 2 7 1
8 3 2 2
9 3 2 1 5 1
10 2 2 2
11 3 4 1
12 1 7 1
13 5 1 1 4 2 7 1
14 1 2 1 4 1 6 1 7 1
15 3 5 1
16 2 2 1 5 2 7 1
17 5 3 1 4 1 5 1 7 1
18 4 4 1 5 1
19 3 2 1 6 1
20 2 1 1 4 1
21 2 2 2 3 1
22 3 4 1 7 1
23 5 2 1 5 2
24 4 2 1 4 1 6 1 7 1
25 2 2 1 5 1
26 3 2 2 5 1
27 5 4 1 5 1 7 1
28 2 2 1
29 1 2 1
30 1 1 1 5 1 7 1
31 0
0 1 2 3
1 5
2 18
3 4
4 6 9 10
5 22
6 7 8 11
7 12 17
8 13 15
9 12 25
10 16 28
11 19 26
12 14 20
13 14 17
14 24
15 27 30
16 17
17 21 23 29
18 27
19 27
20 28
21 24
22 28
23 24 25
24 26
25 26
26 30
27 29
28 31
29 31
30 31
31
