92 9 12
0 0 1 2 8
1 7 8
2 6 7 8
3 4 5
4 4 5
5 5
6 1 2 6 7 8
7 8
8 3 4 5
9 1 2 4 5
10 6 7 8
11 2
0 0
1 1 2 1 3 1 4 1
2 3 4 1
3 5 7 1
4 2 8 1
5 2 7 2
6 3 2 1 7 1
7 5 0 1 7 1 8 1
8 2 0 1 4 2 5 1
9 2 6 1 7 1
10 3 6 1 8 1
11 2 5 1 6 2
12 2 1 1 7 1
13 6 7 1
14 1 4 1 5 1 6 1
15 2 0 1 5 1 7 1
16 1 6 1 8 1
17 1 0 1 4 1 5 1 7 1
18 1 5 2 6 1 7 1
19 4 4 1
20 3 2 1 5 1 7 1
21 1 1 1 4 1 7 1
22 1 1 1 2 1 4 1
23 3 2 1 8 1
24 1 6 1
25 3 0 1 4 1 7 2
26 2 5 1
27 2 2 2 3 1 6 1
28 2 4 1 6 1 7 1
29 1 4 2 6 1
30 1 6 1
31 2 1 1 4 2 5 1
32 3 6 1 7 1
33 1 7 1
34 4 2 2 4 1 5 1
35 2 3 1 4 1 7 1
36 1 1 1 5 1
37 4 3 1 6 1
38 3 8 1
39 2 7 2 8 1
40 2 1 1 7 1
41 1 1 1 3 1
42 2 2 1 4 1 5 1
43 3 4 2 6 1 7 1
44 1 0 1 7 1
45 3 1 1 7 1
46 4 1 1 4 1 5 1
47 1 1 1 6 1 7 1
48 2 4 1 7 1
49 1 4 1 5 1 7 1
50 4 1 1 2 1 5 1
51 1 5 2 7 1 8 1
52 2 5 1 7 1 8 1
53 2 1 1 8 1
54 2 0 1
55 4 5 1 8 1
56 1 0 1 4 1 6 2
57 2 0 1 1 1 4 1 6 1
58 2 5 1 6 1
59 1 1 1
60 4 5 1
61 3 0 1 8 1
62 1 4 1 5 1
63 2 5 1
64 5 2 1 4 1 5 1
65 2 0 1 5 2 8 1
66 3 7 1
67 2 1 1 4 1 5 1 7 1
68 2 1 1 2 1 3 1 5 1
69 3 6 1
70 1 1 1 4 1
71 2 4 1 5 2 7 1
72 3 2 2 5 2
73 2 8 1
74 2 4 2 6 1
75 4 5 2 7 1
76 1 5 1
77 3 3 1 7 1
78 4 5 1 6 1 7 1 8 1
79 3 5 1 7 1
80 1 3 1 8 1
81 2 0 1
82 2 7 1
83 3 1 1 4 1 5 1 7 1
84 1 4 1 5 1
85 1 5 1 6 1 7 2
86 1 8 1
87 3 5 3 7 1
88 2 3 1
89 3 1 1 4 1
90 2 4 1
91 0
0 1 2 3
1 7 9 35
2 4 13 19
3 17
4 5 6
5 10 25 76
6 11 12 30
7 8 15
8 20
9 55
10 68 75
11 31
12 43 70
13 14 41
14 23 72
15 16 18 32
16 21 67
17 22 82
18 50 59
19 26 84
20 33 55
21 54
22 24 28 57
23 81
24 89
25 37 81
26 27 38 54
27 29 42 46
28 35
29 35
30 58
31 38
32 36 47 56
33 34 44 49
34 40 60 64
35 45 53 80
36 61
37 39
38 64 69
39 64
40 69
41 53
42 90
43 51
44 85
45 48 63
46 75
47 52 62
48 73 87
49 56 61
50 88
51 77
52 85
53 78
54 66 70
55 65
56 66
57 84
58 61
59 78
60 71
61 74
62 81
63 67
64 82
65 74
66 80 87
67 75
68 69
69 88
70 74
71 73 77
72 76 86
73 85
74 82
75 83
76 79
77 84
78 83
79 80
80 88
81 89
82 83
83 86
84 86
85 90
86 89
87 90
88 91
89 91
90 91
91
