62 12 13
0 1 2
1 7 8
2 1 6 7 8
3 3 4 5
4 1 9
5 0 1 2 3 4 5
6 1
7 4 5
8 7 8
9 1 2 9
10 1 3 4 5 9
11 1 2 6 7 8
12 1
0 0
1 3 1 1 7 1
2 2 10 1
3 1 2 1 4 2 6 1
4 2 5 1 6 1
5 4 7 1 8 1 10 1
6 2 2 1
7 2 9 2
8 3 0 1 3 1 7 1
9 3 3 1 7 1 8 1 10 1
10 2 10 1
11 2 4 1
12 4 4 1
13 3 4 1 8 1 10 1
14 3 1 1 7 1
15 3 5 1
16 3 5 1
17 3 10 1
18 3 4 1 8 1 10 1
19 4 2 1 8 1
20 1 3 1 7 1 9 1
21 4 5 2 10 1
22 4 1 1 3 1 8 1 10 1
23 6 2 1
24 1 10 2
25 2 3 1 8 1 10 1
26 2 8 1 9 1
27 5 4 1 10 1
28 3 2 1 7 1 9 1 10 1
29 1 1 1 8 1
30 2 2 1 4 1
31 3 7 1 8 1 10 1
32 2 8 3 10 1
33 3 1 1 2 1
34 3 1 1 7 1 8 1
35 2 4 1 8 2
36 4 1 1 9 2 10 1
37 1 1 1 4 1
38 3 1 1 4 1 5 1 10 1
39 1 5 1
40 3 1 1
41 4 1 1 2 1 5 1
42 1 10 1
43 2 4 1 6 1 10 1
44 3 10 1
45 5 1 1 4 1 5 1 7 1
46 8 2 1
47 3 5 1 11 1
48 4 2 1 5 1 7 1 8 1
49 3 2 1 5 1 9 2
50 2 6 2 10 2
51 2 4 1 5 1 7 1
52 3 2 1 3 1 4 1 10 1
53 2 1 1
54 1 1 1 3 1 8 1 10 1
55 3 6 1 10 1
56 3 7 1 8 1
57 2 5 1 10 1
58 3 8 1
59 3 5 1 10 2
60 2 9 1
61 0
0 1 2 3
1 5 6 8
2 11 30 40
3 4 17 48
4 13 47 52
5 10 15 50
6 7 9 35
7 13 24 54
8 16 41
9 12 38
10 20 28
11 14 31 32
12 26 32
13 51
14 21 23 34
15 18 39
16 19 30 35
17 38
18 25 36 55
19 31
20 22 38
21 43 50
22 44
23 27 37 53
24 30
25 45 49
26 47 57
27 46
28 29
29 31
30 33 37 39
31 52 60
32 48
33 57
34 42 48 51
35 40 50
36 40
37 56 59
38 46 49 54
39 42 43 45
40 43 53
41 42 44
42 60
43 60
44 45 49
45 46
46 52
47 51 54
48 59
49 53
50 56
51 55
52 58
53 56
54 55 58
55 59
56 57
57 58
58 61
59 61
60 61
61
