32 9 15
0 6 7 8
1 6 7 8
2 0 1 2
3 3 4 5 7 8
4 3 4 5
5 3 4 5 8
6 6 7 8
7 2
8 1 2
9 8
10 4 5
11 4 5
12 6 7 8
13 4 5 6 7 8
14 5
0 0
1 3 2 1
2 2 6 2
3 2 3 1 6 1
4 1 0 1 6 2
5 4 2 1 3 1 5 1 6 1
6 3 5 1 8 1
7 2 6 1
8 1 2 1 4 1
9 1 1 1 5 1 7 1
10 2 5 1 7 2
11 2 4 1 6 1
12 2 5 1 7 1
13 1 4 1 5 1 6 2
14 2 2 1 3 1 5 1
15 5 3 1
16 2 6 2
17 2 5 1 6 2 8 1
18 2 3 1
19 3 2 2 6 2
20 3 4 1 5 1 8 1
21 2 7 1 8 1
22 1 2 2 5 1 6 1 7 1
23 2 6 1 8 1
24 1 2 2 5 1
25 1 2 1 4 1 6 2 8 1
26 2 2 2 7 1 8 1
27 1 4 1 7 1
28 4 3 1 4 1 6 1
29 1 2 1 6 1 7 1
30 4 2 1 3 1 5 2 6 1
31 0
0 1 2 3
1 9 10 27
2 8 14 15
3 4 5 6
4 7
5 17 26
6 13 17
7 11 12 18
8 9
9 21
10 24
11 29
12 19
13 30
14 20 23
15 16 26 29
16 17
17 20
18 28
19 22
20 25
21 22
22 25
23 24
24 25 26 29
25 28
26 30
27 30
28 31
29 31
30 31
31
