62 15 23
0 4 5 6 7 8
1 1
2 1
3 1 3 4 5 9
4 7 8
5 0 1 2
6 4 5
7 1
8 2
9 1
10 6 7 8
11 6 7 8
12 4 5
13 3 4 5
14 1
15 1
16 1 6 7 8 9
17 1 6 7 8
18 1
19 1 4 5
20 1
21 1
22 5
0 0
1 2 1 1 2 1 13 1 14 2
2 4 13 1 14 1
3 6 14 2
4 1 0 1 7 3 10 1 11 1 14 1
5 5 2 1
6 5 11 2 14 1
7 4 11 1
8 2 3 1 11 3 13 1 14 1
9 3 8 1 11 1 14 3
10 2 5 1 6 1 11 1 13 1 14 2
11 5 2 1 4 1 5 1 10 1 14 2
12 3 14 1
13 1 0 1 11 1 12 1 14 3
14 2 9 1 13 1 14 2
15 1 3 1 4 1 6 1 9 1 11 1 13 1
16 5 2 1 11 1 12 1
17 1 2 1 5 1 6 1 11 2 14 2
18 4 7 1 11 1
19 1 2 1 8 1
20 6 3 1
21 4 1 1 7 1 8 2 14 3
22 5 4 1 12 1
23 1 3 1 7 1 9 1
24 3 2 1 8 1 9 1 13 1 14 2
25 3 14 2
26 3 13 1 14 2
27 6 4 1 8 1 9 2
28 3 7 1 10 1
29 3 4 1 6 1 7 2 9 1 11 1 14 1
30 2 11 1
31 2 4 1 7 1 14 1
32 2 2 1 4 1 11 1 14 1
33 2 1 1 5 2 14 2
34 3 13 1
35 4 0 1 5 1 6 1 7 1 14 2
36 5 4 1 8 1 14 2
37 3 5 1 7 1 13 2 14 3
38 4 4 1 6 1 7 1 8 1 11 1
39 1 11 2 14 2
40 2 4 2 7 1 14 1
41 2 2 1 14 1
42 3 2 1 5 1 7 1 11 1 13 1 14 2
43 3 0 1 6 1 11 1
44 3 4 1 5 1 8 1 10 1 11 1 12 1 14 1
45 2 3 1 5 2 7 1 11 2 14 1
46 3 0 1 7 2 12 1 13 1 14 2
47 4 13 1
48 1 4 1 5 2 10 1 11 1 14 2
49 5 2 1 4 1 14 1
50 2 5 1 7 1 11 1 13 1 14 1
51 4 4 1 6 1 8 1 14 2
52 2 7 1 12 1 14 1
53 1 5 1 7 1 11 1 14 2
54 5 5 1 7 1 8 1 11 1 14 1
55 3 0 1 2 1 4 2 6 1 7 1 14 1
56 2 2 1 6 1 10 1
57 1 6 1 8 1
58 6 2 1 4 1 5 1 12 1 13 1
59 2 14 1
60 3 5 1
61 0
0 1 2 3
1 4 9 14
2 6 13 28
3 7 11 15
4 5 21 23
5 16 37
6 22
7 8 19 39
8 12 34
9 10 44
10 25 36 43
11 20 26
12 17
13 17 18 33
14 24 58
15 54 57
16 31 42
17 27 32
18 27
19 26 30
20 38
21 30
22 50
23 47
24 39
25 48 53
26 29 50
27 46 60
28 40 56
29 55
30 42
31 56
32 38
33 43
34 35 38
35 41
36 57
37 49 59
38 52
39 52
40 45
41 47
42 50 57
43 49
44 52
45 55
46 51
47 54
48 59
49 60
50 59
51 53
52 55
53 54
54 56
55 60
56 58
57 58
58 61
59 61
60 61
61
