92 9 15
0 1 2 3 4 5
1 0 1 2 3 4 5
2 1 2
3 1 2
4 4 5 8
5 2
6 7 8
7 6 7 8
8 3 4 5
9 4 5
10 6 7 8
11 2 8
12 4 5
13 3 4 5
14 1 2
0 0
1 3 2 1 5 1 6 1
2 3 4 1
3 2 2 1 4 1
4 3 0 1 2 1 4 1 5 1 7 1
5 3 2 1 4 1 6 1
6 2 2 1 4 1 7 1
7 2 1 1 4 2 5 1
8 2 1 1 2 1 4 1
9 4 1 1 2 1 4 1
10 4 2 1 3 1
11 6 4 1 5 3 6 1
12 2 1 1 4 1 6 1
13 3 2 1
14 3 4 1
15 3 0 1 2 2 5 1 7 1
16 1 2 1 3 1
17 3 2 1 7 1
18 1 4 2 5 1
19 3 1 3 4 1 7 1
20 2 1 1 4 1
21 3 1 1 7 1
22 3 2 3 7 2
23 2 1 1 2 1 5 1 7 2
24 3 2 1 4 1 7 1
25 3 5 1
26 3 2 1 4 1
27 3 4 1 5 1
28 3 3 1 7 1
29 3 2 1 5 2 7 2
30 2 1 1 4 1
31 2 2 2
32 1 2 2 7 1
33 3 0 1 2 2 5 1
34 2 2 1 5 2 6 1
35 4 1 1 2 1 5 3
36 2 0 1 2 1 4 2 6 1
37 1 4 1 5 1 7 1
38 1 2 1 4 1 7 1
39 1 2 1 4 1
40 5 3 1 4 1
41 4 4 1
42 2 2 2 3 1 5 1
43 3 3 1 4 1 5 1
44 4 3 1 5 1 7 1
45 3 3 1
46 4 2 1 4 2 7 1
47 2 7 1
48 2 1 1 4 1 5 2 6 1
49 1 2 1 3 1
50 1 2 1 4 1 5 1 7 1
51 2 2 2 4 1
52 2 1 1 5 2 7 1
53 2 3 1
54 3 2 1 3 1 7 1
55 1 5 1 6 1
56 2 2 1 4 1
57 4 1 1
58 2 5 1
59 2 2 2 3 1 4 1
60 3 1 1
61 2 1 1 2 3 6 1
62 2 2 1 3 1 4 2 5 1
63 1 2 1 4 1 6 1
64 4 4 1 6 1
65 2 7 1
66 2 2 1 3 1
67 1 2 3 5 2
68 1 1 1 7 1
69 2 7 2
70 2 4 1
71 1 1 1 2 2 7 1
72 2 1 1 2 1 7 1 8 1
73 3 4 1
74 1 2 1 3 1 4 2 5 1
75 3 2 1 4 1 6 1
76 1 1 1 2 1 4 1 5 1
77 2 5 1
78 2 2 1 5 1
79 3 1 2 4 2 7 1
80 1 5 1 7 1
81 1 4 1
82 4 2 1 5 3 7 1
83 3 1 2
84 1 4 1 6 1
85 2 2 1 3 1 4 1
86 2 2 1 3 2 5 1
87 2 2 1 5 1 6 1 7 1
88 2 0 1 2 1 5 2 7 1
89 3 1 1 4 2
90 2 7 1
91 0
0 1 2 3
1 22 39 54
2 5 12 29
3 4 6 7
4 9 78 81
5 70
6 17 18 51
7 8 11 19
8 10 43 63
9 21 48 62
10 13 15 62
11 16 26 35
12 31 32 79
13 14 21 24
14 46 53 86
15 36 46 83
16 18 38 45
17 20 23 40
18 33 52 84
19 41 58 65
20 44 45 56
21 56 59 87
22 33 34 43
23 74
24 25 27 28
25 31 70 77
26 34 78
27 36 38 80
28 30 40 49
29 65 69 85
30 54 64 89
31 84
32 34 42 44
33 46 72
34 48 72
35 37 51 64
36 51 53 82
37 39 47
38 55 69 79
39 42 44 56
40 55 58 61
41 62 63 68
42 43 50
43 80
44 50 58 61
45 48 49 64
46 71
47 52 54 66
48 59 60 66
49 50 68 73
50 53 59 76
51 55 65 75
52 60
53 57 66
54 77
55 57 76 86
56 57 60
57 67
58 68
59 67 88
60 61
61 67
62 70
63 74 85
64 72
65 71 73 88
66 88
67 71 85
68 69 77
69 75 78
70 74 75
71 89
72 73
73 81
74 79
75 76
76 87
77 80
78 83
79 82 83
80 81 82
81 86
82 87
83 84
84 89
85 90
86 90
87 90
88 91
89 91
90 91
91
