32 12 12
0 4 5
1 1 3 4 5 6 7 8 9
2 2
3 2
4 3 4 5
5 2 5
6 4 5
7 1 5 9
8 4 5
9 0 1 2 8
10 1 6 7 8 9
11 2
0 0
1 1 1 1 7 1
2 3 2 1
3 1 2 1
4 3 0 1 4 1 5 1 8 1
5 2 4 1 9 1
6 5 5 2 6 1
7 3 3 1 4 2 5 1
8 4 10 1
9 2 2 2 4 2
10 3 2 1 6 1
11 2 4 1 10 1
12 2 4 1 5 2
13 2 4 1
14 2 2 1 11 1
15 6 4 1 5 2
16 2 2 1 3 1
17 5 5 1
18 3 5 1
19 4 10 1
20 3 4 1 5 1
21 3 2 1 5 2 8 1
22 3 5 2 9 1 10 1
23 4 2 1 3 1 9 1
24 3 2 3 5 1
25 2 2 1 10 2
26 1 2 1
27 4 2 1 5 1 9 1
28 3 8 1 10 1
29 4 4 1
30 1 5 1
31 0
0 1 2 3
1 7 23 27
2 5 12 14
3 4 6 7
4 8 12 13
5 15 18 21
6 9 10 11
7 12 17 25
8 15 17 27
9 14 21
10 16 21
11 16 17 24
12 15 30
13 19 24 26
14 16 18 22
15 20
16 19 23 30
17 20 22 30
18 19 20 23
19 27
20 26
21 22 24 26
22 28 29
23 25 28
24 25
25 29
26 29
27 28
28 31
29 31
30 31
31
