62 15 26
0 1 4 5
1 1
2 1
3 1 4 5
4 0 1 2 7 8
5 1 2
6 3 4 5 6 7 8
7 1
8 1 3 4 5 6 7 8 9
9 5
10 1
11 1 6 7 8
12 1 9
13 1
14 3 4 5
15 1
16 8
17 1
18 1 9
19 8
20 1
21 1 9
22 8
23 1 9
24 5
25 4 5
0 0
1 3 1 1 4 1 8 1 11 1
2 4 2 1 5 1 7 1 8 1 11 1 12 1
3 2 5 1
4 3 0 1 5 1 6 1 9 1 11 1 14 1
5 2 5 1 8 2 10 1 11 1 13 2 14 1
6 2 1 1 5 1 8 1 9 1 10 1 13 3
7 3 4 1 6 1 10 1 11 1
8 1 5 1 8 2 9 1 10 1 11 1 12 1 13 1
9 1 11 1
10 2 5 1 8 1 9 1 11 3
11 2 0 1 8 1 11 1 12 2 13 1
12 3 13 1 14 1
13 2 5 1 8 1 10 3 11 2 13 1
14 2 2 1 8 1 10 1 11 1 14 1
15 2 8 2 10 1 11 2 12 1
16 1 5 1 7 1 8 1 12 1
17 2 8 1 9 1 11 2 13 1
18 2 8 1 14 1
19 2 5 1 7 1 9 1 11 1 12 1 13 1
20 4 5 1 10 1 11 2
21 1 0 1 5 2 9 2 11 1 12 1 13 1
22 3 5 2 9 1 11 1 13 1 14 1
23 2 5 1 8 1 10 1 13 1
24 3 4 1 5 1 8 2 11 1 12 1
25 2 8 1 10 1 11 2
26 3 4 1 6 1 7 1 8 1 11 1 13 1
27 3 9 1 10 1 11 1
28 2 5 1 8 1 11 2 12 1
29 4 8 1 10 2
30 3 0 1
31 1 4 1 8 1
32 5 8 2 12 1 13 1 14 1
33 3 4 2 5 1 7 1 11 1
34 4 4 1
35 2 5 1 8 1 9 1 11 2 12 1
36 4 3 2 5 1 8 1 12 2 13 1 14 1
37 4 1 1 5 2 11 2 13 1
38 4 7 1 8 1 11 4 12 1 13 1
39 1 13 1
40 2 8 1 9 1 11 1 13 1
41 3 8 2
42 3 8 2 10 2 13 2
43 2 1 1 2 1 8 1 11 2 12 1 13 1
44 4 5 1 7 1 9 2 11 3 13 1
45 3 3 1 8 1 11 1 12 1
46 1 8 2 9 1 11 2
47 3 8 1 11 1 13 1
48 2 4 1 5 1 6 1 8 1 9 1 11 1
49 6 11 2
50 3 11 1 13 1
51 4 13 1
52 5 5 1 8 1 13 1
53 2 5 1 8 1
54 2 5 1 8 1 11 1 13 1
55 2 5 1 6 1 8 1
56 2 4 1
57 2 3 1 5 1 8 1 10 1 13 1
58 5 2 1 11 1 13 1
59 3 0 1
60 2 2 1 5 1 9 1 10 1 11 1 12 1
61 0
0 1 2 3
1 4 8 48
2 5 6 7
3 10 15 29
4 9 13 22
5 25 28 44
6 12 33 46
7 11 14 31
8 47 51
9 23 52
10 18 20
11 17
12 16 19 24
13 58
14 26 57
15 44
16 53
17 48
18 21 27 37
19 60
20 50
21 42
22 31
23 34
24 40
25 32 39
26 44
27 30
28 38
29 40
30 47
31 35
32 57
33 36
34 43
35 50
36 58
37 51
38 60
39 41 43 45
40 41
41 54 57
42 43 49
43 51 53
44 49 55
45 56 59
46 47
47 52
48 58
49 54
50 52
51 56
52 54
53 55
54 59
55 56
56 60
57 59
58 61
59 61
60 61
61
