92 12 14
0 4 5 7 8
1 0 1 2 4 5
2 1 2
3 1 3 4 5
4 1
5 6 7 8
6 1 9
7 3 4 5 6 7 8
8 3 4 5
9 3 4 5
10 1 2 6 7 8 9
11 1 2
12 1 2
13 2
0 0
1 2 2 1 5 1 10 1
2 1 5 1 9 1 10 1
3 2 2 1 6 1 7 1 11 1
4 4 2 1 4 1 6 1 7 1
5 1 2 1 3 1 5 1 6 1
6 2 5 1 6 1 10 1
7 1 1 1 2 1 5 1
8 2 2 1 6 1 7 1 11 1
9 2 2 1 10 1
10 3 2 1 4 1 5 2
11 1 2 1 4 2 11 1
12 1 1 1 3 1 9 1
13 3 1 1 3 1 7 1
14 1 3 1 8 1
15 3 1 1 2 1 10 1
16 2 0 1 4 1
17 2 1 1
18 3 2 1 4 2 9 1
19 3 4 1 11 1
20 2 4 1 6 1
21 1 5 1 10 1
22 3 1 1 5 2 11 1
23 1 0 1 6 1 8 1
24 2 2 1 11 1
25 2 4 1
26 3 2 1 4 1 5 1
27 2 5 1 7 1
28 3 1 1 8 1 11 1
29 1 4 2
30 2 2 1
31 3 1 2 3 1 10 1
32 5 3 1 5 2 10 1
33 3 2 2 9 1
34 1 1 1 9 1
35 3 1 1 2 1
36 1 4 1 5 2
37 1 2 1 4 1 5 1 11 1
38 3 11 1
39 2 2 1 3 1 5 1 6 1
40 3 11 1
41 3 4 1
42 3 2 1 3 1 11 1
43 1 4 1 5 1 11 1
44 1 2 2
45 3 2 2 5 1
46 3 2 1 4 2
47 2 2 1 3 1 4 1 7 1
48 2 3 1 5 1
49 1 3 1 4 1 7 1 8 1
50 1 1 1 5 2
51 1 2 1 3 1 4 1 11 1
52 2 2 1 7 1
53 2 10 1
54 1 3 1
55 2 1 1 11 1
56 2 3 1 6 1 7 1
57 2 2 1 5 1 6 2
58 1 2 1 4 1 5 1 6 1
59 2 10 2
60 2 1 1 2 1 8 1 11 1
61 3 4 1 7 1 8 1
62 3 1 1 2 1 5 2
63 1 1 1 5 1
64 2 0 1 2 1 11 1
65 2 10 1
66 1 4 2
67 2 1 1 2 1 8 1
68 2 0 1
69 1 1 1 4 1 5 1 10 1
70 1 2 1 4 2 7 1
71 2 1 1 4 1 5 1 8 1
72 1 4 2 7 1 11 1
73 3 0 1
74 3 2 1 6 1 11 1
75 3 2 1
76 2 11 1
77 4 2 1 4 2 5 1
78 1 1 1 2 1 3 1 9 1
79 1 1 1 2 1 10 1
80 1 2 1 4 2 5 1
81 4 2 1
82 2 1 1 3 1
83 3 5 1
84 3 1 1 6 1
85 3 4 1 5 1 6 1 9 1
86 2 1 1 2 2 5 1
87 3 1 1 5 1 10 1 11 1
88 4 5 1 11 1
89 3 2 1 4 1
90 1 2 2 5 1 10 1
91 0
0 1 2 3
1 9 35
2 7 11 37
3 4 26
4 5 6 18
5 10 12 22
6 8 42 71
7 27 48 49
8 13 38 40
9 15 28
10 30 39 47
11 75 76
12 14 20
13 17 19 36
14 16 66
15 23 41 72
16 21
17 21 29 46
18 34 55 56
19 25
20 32
21 24 62
22 64 82
23 34
24 25
25 43 61 68
26 31 50 51
27 77
28 83
29 88
30 33 79
31 44 69
32 73
33 57
34 46
35 59 63 64
36 74
37 46 57
38 45 53
39 65
40 54 76 81
41 78
42 56
43 65
44 87
45 67
46 68
47 60 82
48 52
49 58
50 70
51 86
52 75
53 56
54 80
55 60
56 72
57 58 65
58 70
59 69
60 87
61 78
62 80
63 78
64 67
65 83
66 85 89
67 81
68 73
69 76
70 77
71 84
72 83
73 88
74 77
75 80
76 90
77 85
78 82
79 84
80 88
81 89
82 84
83 85
84 87
85 90
86 90
87 89
88 91
89 91
90 91
91
