92 9 15
0 5 8
1 7 8
2 2
3 4 5
4 0 1 2 3 4 5 6 7 8
5 4 5
6 2 7 8
7 1 2 5
8 6 7 8
9 1 2 8
10 3 4 5
11 3 4 5
12 7 8
13 4 5
14 3 4 5
0 0
1 5 5 2
2 7 5 1
3 2 1 1 2 1 7 1
4 1 5 1 7 1
5 1 4 1 5 1 7 2
6 5 1 1 4 1
7 1 1 1 3 1 5 1 7 1
8 1 2 1 5 1
9 3 7 2
10 2 2 1
11 2 2 2 5 1 7 2
12 1 5 1 7 1
13 2 0 1 6 1 7 1
14 2 2 2 5 2 7 1
15 2 1 1 5 1
16 1 5 1
17 1 1 1 2 1 3 1 4 1 7 1
18 2 7 1
19 2 2 1 3 1 7 1
20 1 5 1
21 3 2 2 5 1
22 3 2 1 7 1
23 2 2 2 4 1 7 1
24 2 2 1 5 2 6 1 7 1
25 2 2 2 4 1 5 1 7 1
26 3 2 1 4 1 5 1 7 2
27 5 5 1
28 1 5 2
29 1 3 1 7 2
30 3 5 1 6 2 7 2
31 1 2 1 4 1 5 1 7 1
32 3 2 1 5 1 6 1 7 1
33 1 1 2 2 1 7 2
34 5 1 1 2 1 7 1
35 1 3 1
36 2 1 2 5 2 7 1
37 1 2 1 5 1
38 3 5 1 6 1
39 2 1 1 2 2 4 1
40 3 1 1 4 3 6 1
41 5 1 1 2 2 3 1 4 1
42 4 2 3 5 1 7 1
43 2 1 1 4 2 5 1
44 1 5 1 6 1
45 3 1 1 4 1 5 2 7 1
46 3 2 1 5 2
47 4 4 1 5 3 7 1
48 2 4 2
49 2 2 1 4 1
50 3 6 1 7 2
51 1 2 1 3 1 5 1 6 1 7 1
52 4 2 2 4 1
53 2 5 1
54 5 1 1 5 2
55 2 1 1 2 1 4 1 5 1 6 1
56 2 1 1 2 1 5 2
57 2 5 1 7 1
58 2 2 1 4 1 5 2 7 1
59 2 2 1 3 1 5 1
60 2 4 1
61 1 1 1 4 1 5 2
62 1 4 1 5 1
63 2 2 1 4 1 5 2
64 1 2 1
65 2 7 1
66 5 2 2 3 1 4 2
67 5 5 1
68 2 2 2 4 1 7 1
69 2 1 1 2 1 5 2 7 1
70 2 5 1
71 1 2 2 4 2
72 1 2 1 4 1 5 1 6 1 7 1
73 3 2 1 4 1 8 1
74 3 5 1 7 1
75 3 1 1 5 2
76 1 2 1 5 2 6 1 7 1
77 4 1 1 5 1 7 1
78 5 2 1 5 1
79 5 2 1 7 1
80 2 4 1 5 1
81 1 2 1 4 1
82 3 4 1 5 1 7 1
83 3 4 1 5 2 7 2
84 1 4 1 7 1
85 4 2 1 4 1
86 2 1 1 2 1 3 1
87 4 1 1 2 1 3 1 7 2
88 2 5 1
89 1 4 1
90 2 2 1
91 0
0 1 2 3
1 4 10 13
2 5 20 36
3 17 54
4 11 12 20
5 6 33 42
6 7 8 9
7 12 19 60
8 21 28 40
9 13 66
10 20 35 37
11 15 23 26
12 14 16 27
13 18 39 64
14 28 35 61
15 24 25 29
16 22 65
17 36
18 21 43 46
19 22 52
20 21 30 31
21 56 67 75
22 34 46 81
23 45 49
24 34 56 89
25 38 50 75
26 32 58
27 39 59
28 44
29 30 46
30 38 50 71
31 53 78
32 33 47 52
33 55 64
34 48 51
35 50 65 69
36 43 58 73
37 60 73 74
38 40 44 54
39 41 45 49
40 57 65 76
41 44 47 55
42 57 62 63
43 86
44 58 67 74
45 51 54 80
46 51 56 72
47 61 84
48 53 57
49 68
50 53 87
51 77 90
52 70 79 83
53 66 67
54 68
55 63 71
56 62 69 83
57 66 83
58 63 90
59 61 72
60 64 75 77
61 62 71 73
62 78
63 69 82 84
64 70 82 90
65 68
66 72 77
67 84
68 70 78 81
69 80
70 89
71 74
72 80
73 79
74 76 81
75 76 85
76 82
77 79
78 85
79 85
80 88
81 87
82 89
83 87
84 86
85 86
86 88
87 88
88 91
89 91
90 91
91
