92 12 17
0 1 2
1 6 7 8
2 1 2 3 4 5
3 0 1 2
4 5
5 2
6 1 4 5
7 8
8 5
9 3 4 5
10 4 5
11 1 9
12 1 9
13 1
14 1 9
15 1 2
16 4 5
0 0
1 2 9 1
2 1 0 1
3 3 2 1 8 1 9 2 10 1
4 2 2 1 4 1 5 1 9 1
5 2 2 1 3 1 6 1 9 1
6 2 2 1 9 1 11 1
7 2 1 1 4 1 5 1 9 1
8 3 5 1
9 3 4 1 5 1 8 1 9 1
10 1 9 1
11 2 2 2 10 1 11 1
12 3 2 1 3 1 5 1 7 1 9 1
13 2 3 1 5 1 8 1 9 1 10 1
14 4 0 1 1 1 4 1
15 2 2 2 5 1 8 2
16 3 1 1 3 2 11 1
17 2 1 1 2 1 5 1 7 1
18 2 5 1 9 1
19 5 8 1
20 3 9 1
21 4 5 1 9 1
22 3 4 2 7 1 10 1
23 2 2 2 4 1 5 1 10 1
24 2 3 1 5 1 10 1 11 1
25 5 2 1 5 1 6 1 10 2
26 3 2 1
27 2 4 1 5 1
28 1 9 1
29 4 0 1
30 2 3 1 4 1 9 1 10 1
31 2 1 2 5 1 10 1
32 2 4 1 7 1
33 2 2 2 10 1
34 5 1 1 2 2 4 1 5 1
35 2 9 1
36 2 2 3 4 1 8 1
37 1 4 1 5 2 9 1
38 3 1 1 4 1 7 1
39 2 1 1 5 2 9 1 10 1
40 3 10 1
41 3 1 1 4 1 5 1 10 1 11 1
42 3 1 2 5 1 8 1 10 1
43 3 11 1
44 3 5 1 10 1
45 2 2 1 4 2 5 1 8 1
46 2 1 1 2 1
47 2 5 2 10 1
48 1 2 1 3 1 8 1 10 1
49 1 2 1
50 4 0 1 5 2 6 1 9 1
51 1 1 1 5 2 10 1
52 3 2 2 5 1 8 1 10 1
53 2 1 1
54 3 2 1 9 1 10 2
55 3 1 1 10 1
56 4 1 1 3 1 5 1
57 5 1 1 8 1 11 1
58 1 1 1 2 1 5 1 8 1 10 1
59 4 1 1 8 1 10 1
60 1 0 1 2 1 9 1 10 1
61 3 2 2 3 1 7 1 9 1
62 2 3 1
63 1 0 1
64 3 0 1 8 1 10 1
65 1 1 1 5 1 10 1
66 3 2 1 11 1
67 2 5 1 10 1
68 2 1 1 5 1 10 1 11 1
69 2 5 1 10 2
70 1 5 1 8 1
71 2 2 1 8 1
72 4 2 1 5 2 8 1
73 3 4 1
74 3 4 1 8 1
75 4 2 1
76 1 1 1 2 1 3 1 5 1 9 1
77 2 5 2 8 1 10 1
78 2 5 1 8 1
79 4 1 1 5 2
80 2 4 1 5 1 6 1 8 1 10 1
81 2 5 1 8 1
82 4 0 1 11 1
83 2 10 1
84 4 2 1
85 2 5 1 6 1 9 2 11 1
86 3 7 1 10 1
87 4 2 1 5 1 8 1 11 1
88 1 1 1 5 1
89 1 1 1 2 1 5 1
90 3 2 1 4 1 5 1
91 0
0 1 2 3
1 4 15 37
2 7 17 26
3 9 13 74
4 5 6 11
5 68
6 10 35 40
7 8 22 33
8 12 39
9 14 16
10 21 32 46
11 24 45
12 20
13 27 28 48
14 18 19 72
15 25
16 47 71
17 36 60
18 44 82
19 23 29 49
20 59
21 44
22 31 38
23 50 88
24 61 82
25 71
26 34
27 49
28 51
29 30
30 53 55 84
31 72
32 42 78
33 51 76
34 77
35 52 54
36 52
37 73
38 44 80
39 41
40 43 66
41 82
42 56 64
43 54
44 57
45 68
46 86
47 69 86
48 65
49 58
50 70
51 63
52 59 63
53 62 73
54 70
55 89
56 77
57 87
58 69
59 65 67
60 77
61 68
62 66
63 83
64 79
65 85
66 79
67 80
68 76
69 81 83
70 84
71 76
72 73
73 75
74 85
75 81 88
76 84
77 79
78 80 85
79 87
80 81
81 90
82 86
83 88
84 90
85 87 90
86 89
87 89
88 91
89 91
90 91
91
