92 12 17
0 5
1 1 9
2 2
3 5
4 1 2
5 3 4 5
6 8
7 1
8 3 4 5
9 1 9
10 6 7 8
11 3 4 5
12 3 4 5 7 8
13 0 1 2
14 1 2 6 7 8 9
15 6 7 8
16 2
0 0
1 2 2 1 4 1 5 1 8 1
2 4 1 1 2 1 6 1 8 1
3 5 1 2 5 3
4 5 5 1 8 1
5 5 2 1 5 2 7 1 10 1
6 2 4 1
7 5 2 1 3 2 6 1 9 1
8 1 5 1 10 1
9 3 2 1 5 2 10 1 11 1
10 3 8 1
11 1 6 1 7 1 9 1
12 4 5 1 6 1
13 2 3 1
14 1 4 1 5 1 6 1 10 1 11 1
15 3 2 1 3 1 8 2 11 1
16 4 2 1 3 1 5 1 7 1 10 1
17 4 6 1 8 1
18 1 6 1
19 4 9 1
20 2 1 1 3 1 10 1
21 1 2 1 3 1 8 1 10 1 11 1
22 3 2 1 3 1 4 1 6 1 8 1
23 1 9 1
24 2 1 1 2 1 5 1 8 1 11 1
25 4 2 1 3 1 5 1 10 1
26 2 8 1
27 3 4 1 5 1 8 1 9 1 11 1
28 3 8 1
29 4 0 1
30 3 1 1 2 1 6 1 8 1
31 1 1 1 4 1 5 1 7 1 10 1
32 1 2 1 5 1 6 1 10 1
33 3 6 1 9 1 11 1
34 4 2 1 4 1
35 3 2 1 3 1
36 2 1 1
37 3 7 1
38 2 2 1
39 3 4 1 5 1
40 2 5 1 8 1 10 1
41 1 9 1
42 5 9 1
43 3 4 1 6 1 7 1 9 1
44 2 2 1 4 1 5 1 8 1
45 5 7 2
46 1 10 1
47 1 2 2 8 1 11 1
48 2 2 1
49 3 11 1
50 4 5 1
51 5 4 1 5 1 8 1
52 4 1 1 2 1 5 2 8 1
53 2 5 1 8 1
54 3 1 1 2 2 7 1 8 1
55 5 3 2 7 1 11 1
56 1 5 1
57 2 0 1 2 1 4 1 5 1 10 1
58 3 2 1 3 1 4 1 5 1
59 4 1 1 5 2
60 4 2 1 4 1 5 1 7 1
61 3 9 1
62 1 5 1 8 1
63 2 2 1 5 1 7 1
64 3 4 1 5 1 8 1 9 2
65 3 3 1 4 1 5 1
66 1 2 1 11 1
67 1 2 1 5 1 7 1 11 1
68 4 2 1 8 1
69 1 0 1 4 1 6 1
70 5 2 1 4 1 6 1 8 1 10 1
71 3 1 1 2 2 8 2
72 2 2 1 5 1 8 1
73 3 0 1 2 1 7 1 9 1
74 4 2 1 3 1 5 1 8 1 9 1
75 2 9 1 11 1
76 2 1 2 10 1
77 1 0 1 4 1 8 1
78 3 2 1 5 1
79 1 2 1 3 1 8 1 10 1
80 3 3 1 6 1
81 3 6 1 7 2 8 1
82 2 2 2
83 4 0 1
84 2 1 1 8 1 10 1
85 5 2 1 4 1 5 1 6 1 7 1
86 4 1 1 5 1 8 1
87 1 1 1 4 1 7 1
88 3 7 1 10 1
89 2 5 1
90 3 4 1 7 1
91 0
0 1 2 3
1 6 7 71
2 4 8 50
3 10 30 49
4 5 9 23
5 16 33 41
6 11 21 22
7 28 37
8 13 15 23
9 26 42 66
10 34 55 84
11 12 20 24
12 14 17 48
13 16 31 66
14 18 19 47
15 27 48 49
16 40 56 76
17 29 40 59
18 44 56 64
19 43 46 53
20 35 44 59
21 28 53
22 25
23 29 31 76
24 36 67
25 27 29
26 30 59
27 32 39 67
28 69 77
29 36 49 54
30 35 38 62
31 37 38 51
32 44 45 52
33 34 42 55
34 45 62 88
35 40
36 69 70 86
37 72 79
38 57 58 63
39 52 60 64
40 43 45 51
41 56 66 86
42 72
43 52 83
44 53 54 74
45 46 61
46 60
47 55 73 82
48 78 82
49 63 81
50 57 65
51 58 68 70
52 69 73 90
53 75
54 61 73 80
55 58 60 62
56 61 83
57 68
58 65
59 65 84
60 70 78
61 63
62 64 75
63 68
64 74 79
65 67 75 77
66 71 72 77
67 80
68 79
69 84
70 80
71 74 78
72 82 89
73 85
74 76
75 86
76 85
77 81
78 87 90
79 85
80 81 83
81 87
82 88
83 87
84 88
85 89
86 90
87 89
88 91
89 91
90 91
91
