62 9 10
0 5
1 2 7 8
2 6 7 8
3 2 6 7 8
4 6 7 8
5 4 5
6 0 1 2 3 4 5 8
7 4 5 6 7 8
8 6 7 8
9 7 8
0 0
1 1 5 1 6 2
2 2 5 1
3 1 2 1 6 1
4 4 6 1 7 1
5 1 2 1 5 1 6 1
6 2 2 1 6 1
7 4 2 1 4 1
8 1 1 1
9 2 5 1 7 1
10 2 3 1 5 1 6 1
11 3 5 1 7 1
12 2 4 1
13 2 6 2
14 1 5 1 7 1
15 1 5 1
16 2 4 2
17 2 3 1 5 1 7 1
18 3 4 1 5 2
19 1 5 1 7 2
20 3 6 1 7 1
21 2 7 1
22 4 4 1 6 1 7 1
23 3 5 1 6 1 7 1
24 1 7 1
25 2 4 1 5 1
26 2 2 1 7 1
27 3 6 2
28 2 5 1 6 2
29 4 5 1
30 4 2 1
31 2 2 1 5 1 6 1
32 3 1 1 7 1
33 1 4 1 7 1
34 3 5 1 6 1
35 2 7 1
36 1 0 1 4 1 6 1
37 1 2 1 5 1 7 1
38 4 5 1 6 2
39 3 2 2 6 1
40 3 5 1 6 2
41 2 6 1 7 1
42 2 4 1 7 2
43 6 5 1 6 1 7 1
44 1 4 1
45 2 1 1
46 2 5 1
47 4 7 1 8 1
48 4 2 1 5 1 7 1
49 3 4 1 7 2
50 2 2 1
51 1 5 1 7 1
52 1 5 1 7 2
53 2 6 1
54 2 6 1
55 1 2 1 5 1 7 1
56 2 4 1 5 1
57 1 6 1
58 3 4 1 5 1 6 1
59 2 1 1 4 2
60 3 6 1 7 1
61 0
0 1 2 3
1 5 15 17
2 4
3 10 11
4 6 28 35
5 13 14 21
6 7 19 31
7 8 9
8 18
9 48
10 12 29 45
11 24 25
12 56
13 16 60
14 33
15 55 56
16 43 44
17 23 37
18 22 38 57
19 20 25
20 39 46
21 26 41
22 52
23 27
24 36
25 32 34
26 53
27 36
28 30 42 59
29 55
30 55
31 51
32 47
33 42
34 40
35 57
36 57
37 41
38 51
39 41
40 44
41 43 49
42 43 52
43 48
44 47 49
45 47 52
46 50
47 51
48 58
49 54
50 53 60
51 53
52 60
53 54
54 56
55 58
56 59
57 58
58 61
59 61
60 61
61
