32 15 30
0 7 8
1 8
2 1 8
3 1
4 4 5
5 1 9
6 1 9
7 1 2 3 4 5
8 1 9
9 7 8
10 3 4 5
11 1 3 4 5 9
12 0 1 2
13 2
14 7 8
15 8
16 2
17 1
18 1 6 7 8
19 1 2 5
20 7 8
21 1
22 1
23 1
24 1
25 6 7 8
26 4 5
27 1
28 3 4 5
29 2
0 0
1 4 0 1 3 1 4 2 5 1 6 1 8 2 13 1 14 1
2 3 2 2 3 1 6 1 8 3 10 1 11 2
3 1 2 1 3 2 5 3 8 1 11 2 13 1
4 2 5 1 6 1 11 1 13 1
5 1 5 1 7 1 8 4 12 1
6 1 4 1 8 1 9 1 10 1 13 3 14 1
7 2 11 1
8 2 1 2 2 1 4 1 5 1 8 1 9 1 10 1 11 1 12 1
9 4 11 1
10 2 2 1 7 2 8 1 11 3
11 2 2 1 4 3 11 2
12 3 7 3 8 2 13 2
13 1 5 1 7 1 8 5
14 4 2 3 5 1 6 1 8 2 12 2 13 1
15 3 12 1
16 2 3 1 11 1 13 1
17 5 7 1
18 1 3 1 6 1 7 1 8 2 10 1 13 1
19 4 1 1 4 1 8 5 12 1 13 1 14 1
20 1 7 1 10 1 11 1 12 1 13 2
21 2 8 1
22 4 1 1 3 1 5 1 6 1 7 1 8 1 11 2 12 2
23 2 2 1 3 1 6 1 8 1 11 3 12 1 13 1
24 1 0 1 2 1 4 1 7 1 8 1 9 1 11 1 13 1
25 5 3 1 4 1 8 2 9 1 11 1 12 2
26 2 7 1 13 1 14 1
27 2 0 1 2 1 3 1 4 1 5 1 7 2 8 1 11 2
28 2 2 1 3 1 7 1 8 2 13 1
29 2 4 1 5 2 13 1
30 2 2 1 6 1 8 2 12 1 14 1
31 0
0 1 2 3
1 4
2 6 11 12
3 5 11
4 19 20 24
5 18 23
6 7 8 9
7 15 20 28
8 10 19
9 13 17 22
10 18 21 22
11 27
12 14
13 14 18 21
14 24
15 16
16 17 27
17 30
18 24 26
19 21
20 23 27
21 25 26 29
22 23 25 30
23 29
24 25
25 28
26 28
27 29 30
28 31
29 31
30 31
31
