62 12 22
0 1 9
1 7 8
2 6 7 8
3 1
4 8
5 1 3 4 5 6 7 8 9
6 1
7 4 5
8 5
9 4 5
10 3 4 5 8
11 3 4 5
12 1 3 4 5
13 1 9
14 0 1 2
15 1 8 9
16 1 9
17 5
18 2 6 7 8
19 7 8
20 4 5
21 7 8
0 0
1 3 5 2 6 1 8 1 10 1
2 1 5 1 6 1 8 1 9 2 10 1
3 5 0 1 5 1 10 2
4 2 4 1 7 1 10 3
5 3 7 1 8 1
6 3 2 1 5 1 8 1
7 1 3 1 5 1 7 1 8 1 10 1
8 3 4 1 5 1 7 2 8 1 10 1
9 4 8 1
10 3 4 1
11 2 2 1 8 2 10 1
12 2 6 1 7 1 10 1
13 1 8 1
14 1 2 1 4 1 8 1 10 1
15 3 5 1 8 1
16 1 5 1 8 1 10 1
17 3 7 1 10 1 11 1
18 4 1 1 4 1 5 1 7 1 8 2
19 3 0 1 3 1 5 2 7 1 9 1 10 1
20 1 3 1 4 1 5 1 7 1 8 1 9 1
21 1 4 1 6 1
22 4 0 1 5 3 7 1 8 1 10 1
23 3 5 1 7 1 8 1 10 1
24 3 3 1 4 2 5 2 7 2
25 4 4 1 6 1 8 1 9 2 10 1
26 2 6 1 7 1 10 1
27 3 1 1 5 2 8 1 10 1
28 5 2 1 4 1 5 1 7 1 8 2
29 3 2 1 5 2 7 1 8 1 10 1
30 4 5 2
31 4 5 3 8 2 9 1
32 3 1 1 4 1 5 1 10 1
33 2 1 1 5 2 10 1
34 4 2 1 4 1 5 1 8 2 10 1
35 2 4 1
36 3 7 1
37 3 3 1 6 1 8 3
38 3 4 2 7 1
39 1 4 1 5 1 6 1 9 1 10 1
40 1 3 1 4 1 7 1 8 1 9 1 10 2
41 2 5 1 9 1
42 1 3 2 5 1 8 1 10 2
43 1 1 1 2 1 4 1 7 1 8 1 9 1 10 1
44 2 1 1 4 1 8 1 10 1
45 4 3 1 5 1 8 2 9 1 10 2
46 2 3 1 5 1 8 2
47 5 4 2 5 1 6 1 7 1 9 1
48 3 3 1 4 1 5 2 8 1 9 1 10 1
49 3 5 1 6 1 10 1
50 2 4 1
51 1 3 2 6 1 8 1 10 1
52 2 2 1 4 1 5 1 8 3 10 1
53 5 8 1
54 2 0 1 4 1 5 3 7 1 8 1
55 2 5 1 8 1 10 1
56 2 5 1
57 3 4 1 5 1 6 1 7 1 9 2
58 3 5 1 8 1 9 1 10 1
59 3 5 1 8 1 9 1 10 1
60 2 5 1 8 2 9 1 10 1
61 0
0 1 2 3
1 4 7 12
2 6 11 16
3 14 15 17
4 5 8 9
5 15 31 43
6 20 27 43
7 10 33 37
8 33 46
9 22 23 25
10 19 24 53
11 13 18 34
12 15 50
13 14 47
14 48
15 22 40 56
16 30 37 47
17 20 36
18 21 24 25
19 21 30 31
20 22 39 58
21 35 42 45
22 41
23 38 45 52
24 42 45 48
25 26 31
26 27 30
27 28 29 32
28 33 36 40
29 39 40 41
30 38 42 46
31 35 55
32 36 44 46
33 35 53 54
34 41
35 39 47 52
36 37 38 50
37 49
38 54
39 60
40 44 49 51
41 44 49
42 43 50
43 56
44 53 59
45 51
46 56
47 48 59
48 57
49 57
50 51 52
51 54 59
52 58
53 55
54 55 58
55 57
56 60
57 60
58 61
59 61
60 61
61
