32 9 10
0 1 2
1 4 5
2 5 6 7 8
3 3 4 5 6 7 8
4 0 1 2 4 5
5 3 4 5 6 7 8
6 3 4 5
7 1 2
8 7 8
9 5
0 0
1 5 1 1 7 1
2 1 0 1 6 1
3 1 1 1 2 1
4 3 3 1 4 1 5 1
5 4 5 1 6 2
6 3 2 1
7 4 2 1 6 1
8 3 6 1
9 2 5 1
10 2 1 1
11 3 2 1 6 1
12 4 7 1
13 3 2 1 4 1 5 1
14 7 3 1 6 1 7 1
15 4 3 1
16 3 1 1 2 1 5 1
17 2 7 1
18 1 1 1
19 2 0 1 4 1
20 5 5 1
21 3 1 1 5 1 7 1 8 1
22 3 4 1 7 2
23 2 5 2 7 1
24 4 2 1 3 1 5 1
25 4 5 2
26 5 7 1
27 4 5 1 7 1
28 2 2 1
29 3 4 1
30 2 4 1 7 2
31 0
0 1 2 3
1 7 13 18
2 4 5 15
3 6 11
4 10 21 24
5 13 19 29
6 25
7 8 9 12
8 14 22 23
9 15 20 27
10 17
11 14 16 30
12 14 16
13 22 26
14 27
15 28 29
16 17
17 19 23
18 19 26 29
19 22
20 24
21 23 30
22 25
23 25
24 26
25 27
26 28 30
27 28
28 31
29 31
30 31
31
