62 15 16
0 3 4 5
1 1 8
2 1 3 4 5
3 0 1 2 6 7 8
4 6 7 8
5 1
6 5 8
7 2
8 1 9
9 3 4 5 6 7 8
10 1 5
11 1
12 1 9
13 3 4 5
14 1 6 7 8 9
15 8
0 0
1 2 2 1 6 1 8 1
2 3 3 1 5 2 11 1 13 1
3 2 3 1 5 2 11 1
4 2 5 1 7 1 8 1
5 2 5 1 6 1 7 1 11 1
6 3 8 1
7 3 10 1 12 1 13 1
8 2 2 1 5 1 10 2 13 1
9 2 4 3 8 1
10 1 4 1
11 2 5 1 11 1
12 6 5 1
13 2 5 1 8 2 11 2
14 3 5 1 8 1
15 5 4 1 8 1 13 2
16 3 5 1
17 4 2 1 13 1
18 4 2 1 11 1
19 1 2 1 5 1 8 1 11 1
20 4 5 1
21 3 5 1 8 1 9 1 11 1 13 1
22 2 3 1 6 1
23 2 7 1 8 1 11 1 13 1
24 3 4 1 13 1
25 1 5 1 11 1 13 1
26 2 2 1 5 1 13 1
27 2 5 1 9 1 10 1
28 1 1 1 5 1
29 3 2 1 3 2 7 1 13 1
30 4 2 1 8 1
31 3 7 1 10 1 11 1 14 1
32 3 3 1 7 1 8 1 11 1 13 1
33 1 8 1 13 1
34 3 2 1 8 1
35 2 8 1
36 1 0 1 5 2
37 4 4 1 6 1 11 1
38 1 11 2
39 1 5 1 7 2 9 1 11 1
40 3 2 1 9 1
41 2 11 1
42 2 2 1 4 1 6 1 10 1 11 1
43 1 5 1 7 1
44 3 3 1 8 1 10 1 11 1 13 1
45 1 5 1 8 1 10 1 13 1
46 1 3 1 9 1 13 1
47 3 4 1 5 1
48 2 0 1 7 1
49 4 4 1 9 1
50 3 2 1 5 1
51 3 5 1 9 1
52 2 5 1 9 1 13 1
53 3 5 1
54 4 9 3 13 1
55 1 8 1 11 2 13 1
56 4 5 1 7 1 8 1 11 2
57 1 2 1
58 2 5 1
59 2 2 1 7 1 11 1
60 2 3 1 5 1 6 1 13 1
61 0
0 1 2 3
1 4 14
2 6 9 56
3 5
4 34
5 7 8 40
6 10 17 28
7 12 22 24
8 11 16 29
9 19 21 23
10 13 20 45
11 15 31 50
12 42 57 60
13 30 41 43
14 56
15 18 27 33
16 34
17 33
18 35 59
19 39
20 26
21 48
22 25 36
23 25 51
24 59
25 52
26 33
27 35
28 51
29 32 46
30 39
31 53
32 38
33 37
34 44 50
35 55
36 45
37 47
38 52
39 59
40 54
41 49
42 53
43 47 51
44 54
45 55
46 47
47 48
48 60
49 55
50 56 57
51 52
52 53
53 54
54 58
55 58
56 60
57 58
58 61
59 61
60 61
61
