92 15 19
0 6 7 8
1 8
2 1 2 9
3 1 9
4 1
5 0 1 2 4 5
6 2
7 1
8 1 9
9 3 4 5
10 1 4 5
11 2
12 5
13 1 3 4 5
14 6 7 8
15 1 6 7 8 9
16 1 2
17 1 6 7 8
18 1
0 0
1 1 2 1 10 1
2 4 1 1 2 2 4 1 5 1 7 1
3 2 1 1 2 1 5 1 6 1 13 1
4 1 1 2 3 1 5 1 10 1
5 2 1 1 2 1 3 1 5 1 11 2
6 1 8 1
7 2 10 1
8 3 2 1 4 1 10 1
9 2 1 1 2 1 8 1 9 1 11 1
10 1 1 1 2 1 5 2 7 1 13 1
11 1 0 1
12 2 2 2 5 1 6 1 13 1
13 1 1 1 2 2 4 1 11 2
14 2 1 1 4 1 6 1 11 2
15 2 2 1 11 1 13 1
16 1 3 1
17 5 2 1 4 1 8 1 11 1
18 2 1 1 2 2 5 1 11 2
19 2 2 2 5 1 8 1 11 1
20 2 6 2
21 1 2 1
22 3 3 1 4 1 5 1 8 2 9 1
23 2 12 1
24 1 2 1 5 1 7 1
25 3 2 1 6 1 8 1 11 1
26 2 4 1 11 1
27 2 2 1
28 1 0 1 4 1 5 1 8 1 11 1 13 1
29 4 2 1
30 1 2 1 11 2 13 1
31 1 10 1
32 4 2 1 3 1 4 1 6 1 8 1 13 1
33 3 2 2 8 1 9 1 10 1 13 1
34 1 2 1 5 1 6 1
35 5 12 1
36 1 0 1 2 1 5 2 7 1 14 1
37 2 5 1
38 2 5 1 6 2 10 1 11 2
39 1 1 1 3 1 8 1
40 6 1 1 2 2 11 1
41 3 5 2 6 1 10 1 11 1 13 1
42 2 2 2 3 1 6 1 8 1
43 3 2 1 4 1 5 1 11 1
44 2 1 1 2 1 9 2 11 2
45 2 2 1 4 1 5 1 11 1
46 2 2 1 5 1 6 1 7 1 8 1 11 1
47 3 6 1 11 2 13 1
48 1 4 1 6 1
49 1 13 1
50 3 2 2 5 1
51 1 3 1 7 1 8 1 11 1
52 1 2 2 5 1 8 2 11 1
53 2 3 1 7 1
54 3 2 1 5 1 13 1
55 2 1 1 2 1 4 1 11 1
56 1 2 2 5 1 6 1 11 1
57 2 2 1 9 1 11 1
58 3 2 1 3 1 13 1
59 2 6 1 8 1
60 2 0 1 6 1 8 1
61 1 7 1 13 1
62 2 7 1 8 1 11 1 12 1
63 1 3 1 8 2 11 1 13 1
64 1 8 1
65 1 2 3
66 2 2 1 5 1 6 1 11 1
67 2 2 1 4 1 5 1 9 1 11 1
68 2 2 2 5 1 6 1
69 2 7 1 8 1 11 1
70 2 13 1
71 1 2 1 9 2 11 1 13 1
72 2 4 1 5 1 7 1 11 1 12 1 13 1
73 2 3 1
74 1 2 1 5 2 9 1 10 1
75 2 4 1 7 1 9 1 11 2 13 1
76 4 2 2 5 1 6 1 7 1 11 1
77 1 2 1 3 1 11 1
78 2 2 1 5 1
79 2 2 1 5 1 11 1
80 2 2 2
81 3 2 1 6 1 12 1
82 2 6 1
83 3 1 1 2 1 3 1 8 1 12 1
84 1 4 1 5 2 6 1 8 2
85 2 8 1 9 1 13 1
86 1 5 1 8 1 11 2
87 3 1 1 5 1 10 1 11 1
88 2 0 1 6 1
89 2 11 1
90 3 7 1 8 2 9 1 11 2
91 0
0 1 2 3
1 4 9 12
2 19 41 67
3 13 22 39
4 5 6 10
5 74 80
6 7 8 14
7 49 81
8 11 17 35
9 15 18
10 26 50
11 25
12 16 20 34
13 34
14 27 29
15 36
16 21 23 58
17 25
18 38 61 90
19 33 44 57
20 25
21 37 54
22 85
23 24 28
24 48 54 56
25 30 32 43
26 78
27 72
28 31
29 55 85
30 59 83
31 65
32 40 87
33 72
34 55
35 42 45
36 65
37 70
38 46 79
39 64
40 47 52
41 74 75
42 44
43 51 66
44 73
45 49
46 55
47 62
48 53 59 60
49 65
50 51 54
51 74
52 77
53 81
54 60
55 68
56 67
57 82
58 63
59 71
60 76
61 63 82 85
62 64
63 75 88
64 79
65 69
66 69
67 70
68 70
69 88
70 86
71 87
72 89
73 84
74 79
75 80
76 77
77 86
78 90
79 86
80 81
81 83
82 84
83 84
84 89
85 89
86 88
87 90
88 91
89 91
90 91
91
