32 15 19
0 0 1 2 4 5 9
1 1 2
2 6 7 8
3 1
4 1 2 6 7 8
5 7 8
6 1 2
7 1
8 1 7 8 9
9 1
10 4 5
11 1 9
12 1 2 3 4 5
13 6 7 8
14 6 7 8
15 6 7 8
16 8
17 1 8 9
18 1 2
0 0
1 2 6 1 11 1 12 1 13 1
2 3 2 1 7 3 8 2
3 3 2 1 4 2 5 1 7 1 13 1
4 2 4 1 6 1 9 1 11 1
5 1 12 1
6 1 2 1 5 2 8 2 13 1
7 2 2 1 11 1 13 1
8 2 5 1 8 2 11 1
9 4 7 1 11 1
10 1 2 1 7 1 8 1 9 1 13 1
11 1 2 2 8 1
12 1 6 2
13 2 0 1 4 1 9 1 10 1 11 1 13 2
14 1 7 1 9 1 10 2 11 1
15 3 2 1 4 1
16 2 2 1 7 1
17 3 5 1
18 2 3 1 5 1 6 1 13 1
19 2 8 2 10 1
20 3 13 1
21 1 1 1 9 1 14 1
22 4 2 1 7 1 8 1 10 1
23 2 2 1 6 1 8 1
24 3 4 1 6 1 8 1 10 1 11 1 13 1
25 1 8 1 10 2 13 1
26 4 2 1 7 1 8 1 12 1
27 1 2 2 5 1
28 4 2 1 7 1
29 2 11 1
30 1 2 1 7 1 8 1 11 1
31 0
0 1 2 3
1 6 19 26
2 4 9
3 5 7 8
4 11
5 27 28
6 14 15 24
7 10 23
8 25
9 12 13 16
10 26
11 15
12 30
13 17 18
14 21
15 29
16 25 26
17 24
18 20
19 23
20 21 22
21 29
22 24
23 25
24 30
25 29
26 27 28
27 30
28 31
29 31
30 31
31
