32 15 20
0 1 8 9
1 1
2 1
3 8
4 4 5
5 8
6 2
7 1 7 8
8 1
9 1 4 5
10 3 4 5
11 0 1 2 4 5 7 8
12 1 2 3 4 5
13 5 6 7 8
14 1 3 4 5 9
15 1
16 1
17 1 3 4 5 9
18 5
19 1
0 0
1 3 4 1 8 1 12 2
2 4 2 2 7 1 8 1 12 1 13 1
3 3 0 1 2 1 4 1 5 1 8 1 9 1 10 1
4 3 5 2 8 1 12 1
5 4 4 1 5 1 8 1 11 1 13 2
6 4 5 2 8 1 10 1 12 1 13 1
7 3 5 1 11 1
8 4 5 1 10 1
9 2 2 1 8 2 10 2 13 1
10 4 4 1 5 1 8 1 9 1 11 1
11 6 2 1 13 1
12 3 2 1 12 1
13 2 5 1 6 1 8 1 10 1 13 2
14 3 8 2 11 2 13 1
15 3 4 1
16 3 2 1 4 1 7 1 11 1 12 1 13 1
17 2 8 1 11 1
18 2 12 1
19 3 2 1 5 1 8 1 11 1
20 1 8 1
21 3 1 1 4 2 10 1 11 1 12 1
22 3 3 1 5 2 8 2 10 1
23 2 8 1 14 1
24 1 13 1
25 2 2 1 5 1 6 1 8 1 9 1 11 1
26 2 3 1
27 4 2 1 8 1
28 5 4 1 8 1 10 1 12 2
29 1 2 1 5 3 8 1
30 3 7 1 8 2 10 1 11 1 13 1
31 0
0 1 2 3
1 13
2 22 30
3 4 14 18
4 5 6 10
5 8
6 7 9 11
7 17
8 21
9 23 29
10 16 26
11 12 15 19
12 26 27
13 14
14 21 29
15 16 27
16 24
17 25
18 19 28
19 20
20 26
21 25
22 24
23 28
24 28
25 30
26 30
27 29
28 31
29 31
30 31
31
