62 12 8
0 1 9
1 2 6 7 8
2 3 4 5
3 1
4 2 4 5
5 1 2 3 4 5
6 0 1 2
7 3 4 5
0 0
1 1 9 1
2 2 4 1
3 3 2 1 10 1
4 1 4 1
5 1 4 1 10 1
6 4 5 1
7 2 3 1
8 2 5 1 10 1
9 3 0 1 10 1
10 2 10 1
11 1 4 2
12 3 2 2
13 2 3 1
14 1 2 1 6 1
15 4 0 1 10 1
16 1 2 1 10 1
17 4 2 1 3 1
18 4 2 1 10 1
19 2 10 2
20 3 2 1
21 2 2 1
22 1 5 1 9 1
23 1 1 1 9 1
24 4 0 1 9 1
25 1 3 1 9 1
26 2 1 1
27 2 3 1
28 1 0 1 2 1
29 1 3 1 9 1
30 3 3 1 5 1
31 1 2 1 10 1
32 2 10 1
33 2 1 1 2 1
34 4 4 1
35 2 2 2
36 2 0 1
37 2 5 2
38 2 6 1 9 1
39 2 1 1
40 4 10 1
41 3 2 1
42 3 1 1
43 3 3 1
44 4 2 1 9 1
45 2 2 1
46 2 4 1
47 3 2 1 10 1 11 1
48 4 3 1 7 1
49 3 5 1 10 1
50 2 5 2
51 3 1 1
52 1 0 1 1 1
53 4 9 1
54 2 5 1
55 4 1 1
56 2 10 1
57 2 2 1
58 2 9 1 10 1
59 3 0 1 6 1
60 1 8 1
61 0
0 1 2 3
1 18
2 4
3 7 8 16
4 5 6 10
5 9 13 23
6 11 21 31
7 19 60
8 12 15 20
9 17 28
10 29
11 14 17
12 42 44 45
13 40 57
14 30
15 32
16 24 25
17 18
18 56
19 27 35
20 39 48
21 22 34 47
22 28
23 26 59
24 53
25 27
26 38
27 33 49 50
28 37 43
29 50
30 36
31 35
32 51
33 52
34 37
35 52
36 41 44
37 46
38 44
39 50 54
40 41
41 43
42 46 56
43 55
44 49
45 53
46 54 55 58
47 53
48 49
49 56
50 57
51 57
52 59
53 54
54 60
55 60
56 58
57 58
58 61
59 61
60 61
61
