32 12 18
0 1 9
1 5
2 5
3 1 3 4 5 7 8
4 3 4 5
5 1 2
6 3 4 5
7 7 8
8 1 2 6 7 8 9
9 8
10 4 5
11 1 3 4 5
12 1 9
13 7 8
14 2
15 0 1 2
16 5
17 6 7 8
0 0
1 3 5 1
2 3 3 1 4 1 10 1
3 2 1 1 3 1 7 1
4 1 5 1 8 1 9 2
5 1 0 1 3 1 5 1 8 1 9 2
6 1 2 1 5 1 7 1 9 1 10 1
7 4 3 1 4 1 5 1 7 1 8 1
8 4 2 1 10 1
9 2 3 1 4 1 10 1
10 2 4 1 5 1 7 1
11 3 5 1 9 1
12 6 2 2 5 1
13 3 4 1 5 1 7 1 8 1 9 1
14 3 1 1 2 1 5 2 10 1
15 3 1 1 4 2 5 2 8 1
16 2 2 1 3 1 5 1 8 1 9 1
17 5 2 1 4 1 5 1 8 2
18 2 5 1
19 2 0 1 4 1 7 1 8 1 10 1
20 4 0 1 2 1 5 1 9 1 10 1
21 2 5 1
22 2 2 1 4 1 5 2 6 1 10 1
23 1 2 1 5 2 8 3
24 3 2 1 5 3 10 1
25 3 4 1
26 3 1 1 2 1 3 1 4 1 5 1
27 1 2 1 3 1 5 2 8 1 9 1
28 1 0 1
29 2 3 1 5 1 8 1 10 2 11 1
30 2 5 1 7 1 8 1
31 0
0 1 2 3
1 8 16 26
2 4 9 12
3 5 24
4 10
5 6
6 7 11
7 14 25 28
8 12
9 20
10 17 18
11 13 23
12 15
13 25 28
14 18
15 21 27
16 17
17 19 30
18 27
19 22
20 22 24
21 29
22 23
23 27
24 28
25 26 30
26 29
27 29
28 31
29 31
30 31
31
