62 9 6
0 0 1 2 7 8
1 3 4 5
2 6 7 8
3 2 3 4 5 7 8
4 2
5 6 7 8
0 0
1 3 5 1
2 2 2 1
3 1 2 2
4 2 2 1 5 1
5 2 2 1
6 1 1 1 2 1
7 1 7 1
8 4 2 1
9 3 0 1 2 1
10 1 1 1 4 1
11 1 0 1
12 2 5 1
13 6 2 1
14 2 5 1 7 1
15 6 4 1 7 1
16 1 2 1 7 1
17 3 1 1 2 1
18 3 0 1 4 1 8 1
19 2 2 2
20 1 5 1 6 1
21 3 0 1 6 1
22 2 5 1 7 1
23 3 2 1
24 4 2 1
25 2 2 1
26 2 1 1 2 1
27 2 2 1 7 1
28 3 7 1
29 1 4 1 7 1
30 2 1 1 2 1
31 2 5 1 6 1
32 4 3 1
33 2 1 1
34 3 2 1 6 1
35 2 2 1 7 1
36 4 1 1 2 1
37 1 2 1
38 2 2 1 5 1
39 4 2 1 5 1
40 1 3 1 6 1
41 3 2 1
42 1 3 1 6 1
43 3 2 1 5 1
44 3 2 1
45 1 4 1 7 1
46 4 1 1 2 1
47 4 3 1 4 1
48 3 2 1 4 1
49 5 7 1
50 2 7 2
51 4 2 2
52 3 2 1 5 1
53 2 2 1
54 2 2 1
55 3 3 1
56 1 1 1 2 1
57 4 5 1 7 1
58 2 5 1
59 3 6 1
60 1 7 1
61 0
0 1 2 3
1 10 17 39
2 4 5 6
3 8 35 50
4 7 9 21
5 11
6 18 38
7 20 23
8 12 49
9 13 14 15
10 16 19
11 29
12 53
13 22
14 28 40 46
15 22 26 31
16 45
17 30
18 24 25
19 46
20 48
21 27
22 43 51
23 59
24 41
25 34 55
26 48
27 44
28 41
29 40
30 42 45
31 32 33 44
32 36 37
33 60
34 41
35 52
36 42
37 50 54
38 58
39 57
40 54
41 43
42 48
43 56
44 47
45 46
46 47
47 50 54
48 51
49 56
50 53 57
51 52
52 53
53 55 59
54 55 56
55 58
56 57
57 60
58 61
59 61
60 61
61
