92 12 11
0 1 9
1 1 2 5
2 1 2
3 5 7 8
4 6 7 8
5 0 1 2
6 3 4 5 8
7 1 3 4 5 8 9
8 6 7 8
9 1 2
10 1 9
0 0
1 3 1 1 5 1 7 1
2 3 4 1 6 1 7 1
3 1 2 1 3 1 8 1
4 2 1 1 6 1 10 1
5 1 2 1 6 1
6 1 5 2 7 1
7 2 6 1 8 1
8 4 2 1 3 1 5 1
9 3 2 1 6 1 8 1
10 1 8 1 9 1 10 1
11 1 1 1 5 1 9 1
12 2 8 1
13 3 7 2 10 1
14 1 8 1
15 3 2 1 10 1
16 3 2 1 9 2
17 1 10 1
18 3 8 1
19 2 8 1
20 4 6 1 8 1
21 2 4 1 10 1
22 1 10 1
23 2 2 1 10 1
24 2 8 1
25 3 2 1 7 1
26 2 8 1
27 3 2 1 3 1
28 1 7 1
29 3 2 1 3 1 5 1
30 3 2 1 6 1
31 2 1 1 10 1
32 3 6 1
33 1 1 1 5 1 8 1
34 1 2 1 6 1 7 1
35 2 9 1
36 3 8 1
37 2 2 2 5 1
38 2 2 1 7 1 8 1
39 2 5 1 10 2
40 4 5 1 8 1
41 3 1 1 6 1 10 1
42 1 2 1
43 1 10 1
44 2 7 1
45 2 1 1 10 1
46 3 6 1 10 1
47 1 3 1
48 3 9 1
49 1 2 1 8 1 9 1
50 3 5 1 8 1
51 1 5 1 10 1
52 2 1 1 8 1 10 1
53 3 2 1
54 2 1 1 5 1 8 1
55 3 0 1
56 2 2 2 8 1
57 4 2 1 7 1
58 2 2 1 3 1
59 1 2 1
60 1 2 1 4 1 8 1
61 2 2 1 3 1 8 1
62 3 5 1
63 2 2 1 8 2
64 3 7 2
65 1 8 1
66 4 3 1
67 4 2 1
68 1 7 1 8 1
69 1 1 1 8 2
70 2 2 2
71 1 7 1 8 1
72 2 9 1
73 3 6 1
74 3 2 1 11 1
75 3 1 1 5 1 9 1
76 2 2 2 5 1
77 2 5 1 8 1 9 1
78 1 2 2 7 1
79 3 1 1
80 2 0 1
81 2 2 1
82 2 2 1 5 1 6 1
83 1 2 1 10 1
84 2 0 1 9 1 10 1
85 3 9 1 10 1
86 2 6 1
87 1 8 1 10 1
88 3 7 1 8 1
89 1 4 1
90 1 1 1 2 1 5 1
91 0
0 1 2 3
1 5 53
2 8 34
3 4 7 68
4 6 10 12
5 16 45
6 30 38 66
7 18 23 35
8 9 11 15
9 63
10 14 27 76
11 79
12 13 19 20
13 47
14 43
15 17 21
16 22 24
17 39
18 22 32 70
19 33 41 64
20 25 42
21 29 61 68
22 36 48
23 26 57
24 28 60 77
25 45 70
26 44
27 72
28 31 50 84
29 44 82
30 84
31 37 46 65
32 69
33 56
34 40
35 63 80
36 60
37 49 55
38 70
39 72
40 75
41 62 66
42 54
43 51 72
44 58 73
45 81
46 55
47 52
48 69
49 67
50 74
51 59
52 54 78
53 74
54 69
55 90
56 89
57 71
58 81
59 80
60 61
61 80
62 75
63 83
64 87
65 67
66 87
67 71
68 75
69 79
70 87
71 88
72 77 83
73 76
74 85
75 77 78 85
76 90
77 84
78 82
79 85
80 81
81 83
82 88
83 86
84 86
85 86
86 88
87 90
88 91
89 91
90 91
91
