92 9 11
0 3 4 5
1 3 4 5 6 7 8
2 6 7 8
3 0 1 2
4 1 2 8
5 5 7 8
6 1 2 6 7 8
7 8
8 7 8
9 6 7 8
10 7 8
0 0
1 1 1 1 3 1 7 1
2 1 6 1
3 2 6 1
4 3 2 2 3 1
5 3 2 1 5 1 7 1
6 1 7 1
7 2 5 1 8 1
8 1 3 1 7 1
9 2 2 1 5 1 7 1
10 2 7 1
11 2 4 1 7 1
12 1 7 1
13 2 5 1
14 2 2 1 6 1 7 1
15 1 3 1
16 2 0 1
17 2 3 1 7 1
18 2 7 1
19 5 7 2
20 4 2 1 7 1 8 1
21 2 1 1 5 1
22 1 2 1 6 1 7 1
23 3 1 1 7 1
24 2 0 1 1 1 7 1
25 2 2 1
26 3 0 1 7 1
27 2 1 1 3 1 5 1
28 3 7 1 8 1
29 1 3 1 7 1
30 2 7 1
31 1 1 1 6 1 7 1
32 1 6 1 7 1 8 1
33 2 2 1 3 1 7 1
34 2 6 1
35 1 5 1 7 1
36 1 7 1
37 2 0 1 6 1 7 1
38 2 4 1
39 4 2 1 8 1
40 3 7 1
41 4 1 2
42 3 1 1 2 2
43 1 2 1 5 1 6 1
44 2 2 1
45 4 0 1 5 1 7 1
46 3 0 1 7 1
47 2 1 1 3 1 7 1
48 2 2 1 7 1
49 2 5 1 6 1 8 1
50 3 5 1
51 2 3 1 5 1 7 1
52 2 6 1
53 1 7 1
54 4 7 1
55 2 1 1 7 2
56 2 1 1 5 1 8 1
57 3 7 3
58 2 7 1 8 1
59 2 8 1
60 2 2 1 6 1
61 1 6 1
62 1 7 1 8 1
63 3 1 1 3 1
64 2 4 1 5 2
65 1 7 1 8 1
66 3 7 1 8 1
67 3 6 1
68 1 5 2 7 1
69 3 1 1 6 1 7 1
70 1 1 1 5 1 6 1
71 2 2 1
72 1 2 2
73 3 1 1
74 2 2 1 6 1
75 2 0 1 6 1 8 1
76 1 7 1
77 2 7 1
78 1 6 1
79 1 6 1 7 2
80 2 1 1 4 1 6 1
81 2 2 1 4 1 7 1
82 2 7 1
83 2 1 1 5 1 7 1
84 3 7 1
85 2 1 1 7 1
86 4 2 1 6 2
87 2 5 2
88 2 2 1
89 2 6 1
90 3 5 1 7 1
91 0
0 1 2 3
1 5 7 9
2 4 10 12
3 19 20 45
4 8 17 24
5 6 39 47
6 11 13 34
7 18 30 45
8 22 27 78
9 20 59
10 24 37
11 14 16 35
12 21 25 26
13 14 37 52
14 15 33 49
15 51 77 83
16 28 67 69
17 19 32 41
18 34 37 48
19 26 66 89
20 38 40
21 29
22 23 50 57
23 30 43 62
24 41 67 68
25 31 47
26 38 50 58
27 31 36 42
28 36 70 80
29 84
30 38 48
31 32 52 53
32 61 74 76
33 36 55 75
34 66
35 42 51 65
36 59 64 66
37 46 54 65
38 51 74 87
39 42 50 76
40 46 55 56
41 52
42 44 53 69
43 48 55 58
44 56 85
45 54 62
46 57 60 71
47 70 77 87
48 59 73
49 53 63
50 61 77
51 64 79
52 54 72 80
53 56 58 62
54 73
55 82
56 57 60
57 75
58 60 68 80
59 76
60 64 82
61 68 85
62 67
63 71 78
64 72 81
65 69 70
66 72
67 71 89
68 75
69 73
70 74 78 84
71 79 83
72 84
73 86
74 79
75 82
76 83 88
77 85
78 89
79 81
80 81 86
81 90
82 87
83 90
84 90
85 86
86 88
87 88
88 91
89 91
90 91
91
