32 9 13
0 0 1 2
1 1 2 3 4 5 6 7 8
2 5
3 2 7 8
4 3 4 5
5 6 7 8
6 4 5
7 6 7 8
8 1 2
9 2
10 3 4 5
11 7 8
12 6 7 8
0 0
1 1 4 1 6 1 7 2
2 4 2 1 5 1 7 1
3 2 5 1 7 2
4 3 4 1
5 1 1 1
6 3 7 1
7 2 4 2 5 1
8 2 2 2 6 1 7 1
9 1 2 1 7 2
10 2 0 1 1 1 2 1 5 1
11 1 3 1 7 1
12 2 2 1 5 1 7 2
13 2 3 1 7 1
14 3 1 1 3 1 7 1
15 3 4 1
16 1 2 1 3 1 7 1
17 1 2 2 6 1 7 1
18 2 0 1 2 1 5 1 7 1
19 1 1 1 2 1 5 1 7 1 8 1
20 2 2 1 4 1 5 1 7 1
21 2 2 1 4 1 7 1
22 1 1 1 4 1 7 1
23 2 2 1 3 1 5 1
24 4 0 1 5 1 7 1
25 2 2 1 5 3
26 1 5 1 7 3
27 2 4 1 5 1
28 3 7 1
29 2 2 1 4 1
30 1 3 1 5 1 7 2
31 0
0 1 2 3
1 4 7 11
2 9 10 12
3 5 6 13
4 16 19 28
5 8 12 18
6 8 10 12
7 8 10 19
8 15 20 23
9 14 17 19
10 14 17 24
11 16 24 28
12 14 20 27
13 15 18 27
14 15 16 22
15 21 30
16 21
17 18 29
18 20 30
19 21 25
20 26
21 29
22 25 26
23 24 26
24 25 27
25 29
26 28
27 30
28 31
29 31
30 31
31
