62 12 13
0 1 2
1 1 8
2 1 9
3 1 9
4 3 4 5
5 1 3 4 5
6 1 9
7 3 4 5
8 3 4 5
9 0 1 2 7 8
10 1 8
11 1 6 7 8
12 1 2
0 0
1 3 2 1 6 1 10 1
2 1 1 1 5 1 9 1 10 1
3 3 1 1 2 1 8 1 10 1
4 2 2 1 3 1
5 3 4 1
6 2 2 1 7 1
7 1 6 1
8 2 5 1 8 2 10 1
9 3 3 1 6 1
10 1 3 1 9 1
11 3 3 1 4 1 8 2
12 4 3 1 9 1 10 1
13 2 1 1 10 3
14 3 2 1 3 1 9 1 10 1
15 4 10 2
16 4 1 1 9 1
17 4 4 2 9 1
18 5 9 1
19 4 3 1 6 1
20 3 4 1 10 2
21 3 3 1 10 1
22 4 4 1 9 1
23 2 1 1 5 1 10 1
24 2 4 2 8 1
25 3 3 1 6 1
26 1 5 1 8 1 10 1
27 2 0 1 2 1 3 1 10 1
28 2 1 1 4 1 5 1
29 2 3 1 9 1
30 2 8 1
31 1 3 1
32 2 1 1
33 4 9 1 10 1
34 3 10 1
35 3 3 1 8 1 9 1
36 4 5 1 10 1
37 3 5 1 6 1 7 1 10 1
38 2 4 1 6 1
39 3 8 1
40 1 2 1 9 1
41 3 8 1 9 1 10 1
42 3 9 1
43 2 2 1 5 1 8 1 9 1
44 2 9 1
45 5 8 1
46 3 2 1 9 1
47 2 0 1 3 1 5 1
48 2 1 1 9 2
49 4 5 1 9 1
50 1 1 1
51 4 8 1 9 2
52 4 10 1
53 1 3 1 8 1
54 4 2 1 8 2
55 3 4 1
56 2 9 1
57 4 8 1 10 1 11 1
58 3 8 1 9 1 10 1
59 4 1 1
60 3 4 1 10 1
61 0
0 1 2 3
1 5 12 19
2 4 6 18
3 18 31 50
4 13 21 35
5 7 17 52
6 8 21 22
7 15 16 37
8 9 14 16
9 10 11 30
10 19 29
11 15 24 31
12 16 20 29
13 23 26 41
14 20 32 36
15 36 44
16 27 54
17 25
18 20 27 38
19 42 48
20 24 30 55
21 28 42 53
22 33 38 42
23 27 52 60
24 33 37 39
25 30 31 33
26 46 48 55
27 58
28 32 38 49
29 32 53
30 45
31 37 40 45
32 34
33 57
34 39 50
35 36 44 47
36 39 40
37 41 43
38 40
39 41 45 59
40 43 46
41 56
42 43 44 49
43 58
44 54 59
45 46 48
46 51 56
47 49 50 52
48 51
49 55
50 51
51 54 57
52 53 59
53 58
54 60
55 56
56 57
57 60
58 61
59 61
60 61
61
