62 9 7
0 0 1 2
1 5 6 7 8
2 1 2
3 3 4 5
4 8
5 4 5
6 5
0 0
1 2 6 1
2 1 5 1
3 3 2 1 7 1
4 2 5 1
5 2 3 1 8 1
6 2 5 1 8 1
7 1 1 1 8 1
8 2 4 1 8 1
9 2 4 1
10 2 5 1 8 1
11 2 0 1 8 1
12 1 4 1 8 1
13 3 5 2
14 2 7 1
15 1 1 1 4 1
16 3 4 1
17 4 7 1 8 1
18 1 4 1 8 1
19 1 2 1
20 1 2 1 5 1
21 2 2 1 4 1
22 2 6 1
23 2 0 1 4 1
24 3 4 1 8 1
25 2 3 1 5 1
26 1 5 2
27 3 3 1
28 2 5 1
29 3 2 1 8 1
30 1 5 1
31 2 5 1 8 1
32 5 1 1
33 2 4 1 7 1
34 5 5 1 6 1
35 2 8 1
36 2 7 1 8 1
37 3 5 1
38 1 0 1
39 4 5 1
40 2 5 1
41 1 5 1
42 5 5 1 8 1
43 1 7 1
44 1 0 1 5 1
45 3 4 1
46 2 4 1 5 1
47 1 5 1
48 2 4 1 8 1
49 3 1 1 3 1
50 3 4 1 8 1
51 2 2 1
52 2 5 2
53 5 8 1
54 2 1 1
55 3 5 1
56 2 3 1
57 2 1 1 8 1
58 5 8 1
59 3 2 1 8 1
60 1 2 1
61 0
0 1 2 3
1 5 7 12
2 4 6 24
3 9
4 15 32 34
5 30
6 11 14 35
7 8 10 23
8 18
9 26 53
10 13 17 27
11 25 30
12 16 21
13 22 37 38
14 19 31
15 60
16 35
17 20 29 36
18 19 50
19 44
20 40
21 33
22 30
23 43 45
24 26 46
25 28 40
26 47
27 58
28 56
29 45
30 58
31 41 42 48
32 39
33 44 51
34 52
35 54
36 39
37 55 57
38 59
39 50
40 45 49
41 54
42 53
43 50
44 49
45 52
46 55
47 58
48 60
49 53 55
50 51
51 52
52 57
53 54
54 59
55 60
56 57
57 59
58 61
59 61
60 61
61
