32 12 8
0 1 2
1 4 5
2 2
3 1 2 7 8 9
4 0 1 2 6 7 8
5 2 4 5
6 1 3 4 5
7 7 8
0 0
1 4 5 1 6 1
2 3 4 1
3 1 1 1 5 1
4 3 2 1
5 4 2 1
6 3 2 1 10 1
7 2 2 1 7 1
8 3 2 1 5 1
9 2 7 1
10 3 1 1 3 1
11 1 5 2
12 3 1 1 2 1
13 2 0 1
14 2 1 1
15 3 10 1
16 3 5 1 9 1
17 2 2 1 5 1
18 1 7 1 8 1
19 2 2 1
20 3 2 1 5 1
21 1 2 1 4 1
22 3 1 1
23 4 2 1 4 1
24 3 4 1 8 1
25 4 2 1 4 1
26 1 2 1
27 1 1 1 7 1 11 1
28 6 0 1 5 1
29 3 4 1
30 4 5 1
31 0
0 1 2 3
1 4 5 6
2 12 15 20
3 7 9 19
4 8 10 11
5 7 21 24
6 8 13 14
7 10 27
8 16 19 23
9 11 14 20
10 12 13 14
11 15 17 28
12 16 18
13 18 22 25
14 16 17 23
15 21 23
16 22 26
17 18
18 29
19 20 21
20 22 24 25
21 30
22 28 30
23 25 29
24 26 27 29
25 26
26 30
27 28
28 31
29 31
30 31
31
