32 9 10
0 7 8
1 6 7 8
2 1 2 3 4 5
3 0 1 2 6 7 8
4 3 4 5
5 7 8
6 2 3 4 5 6 7 8
7 2
8 1 2
9 4 5
0 0
1 3 2 1 7 1
2 1 5 1 7 1
3 1 7 1
4 3 4 1 7 2
5 3 1 1 2 1 7 1
6 4 0 1 2 1 4 1
7 3 4 1
8 4 2 1 5 1
9 3 2 1 7 2
10 2 1 1 2 1 7 1
11 2 7 1
12 1 1 1 8 1
13 3 6 1 7 1
14 2 2 1 3 1 4 1
15 4 7 2
16 1 1 1 2 1 7 1
17 3 1 1
18 2 2 2 3 1
19 3 6 1 7 1
20 2 3 1 5 1
21 2 7 2
22 2 2 1 4 1 7 1
23 3 2 1 5 1
24 2 0 1 6 1
25 4 2 1 6 1
26 2 2 1
27 4 2 1 7 2
28 2 0 1
29 2 3 1 7 1
30 4 4 1
31 0
0 1 2 3
1 4 9 27
2 5 8 10
3 6 10 23
4 16 18 21
5 7 14 21
6 19 20
7 19 22 24
8 26 27
9 12 23
10 11 26
11 17
12 13 17 18
13 15
14 17 22 30
15 24
16 19 28 29
17 20
18 20 24
19 30
20 25 28
21 30
22 23 25
23 26
24 25
25 29
26 29
27 28
28 31
29 31
30 31
31
