32 9 8
0 2
1 0 1 2 8
2 3 4 5
3 3 4 5
4 1 2 4 5
5 5 6 7 8
6 4 5 8
7 1 2
0 0
1 1 4 1
2 2 2 1
3 6 4 1 7 1
4 2 7 1
5 2 3 1 7 1
6 4 2 1
7 2 2 1
8 4 2 1
9 2 4 1
10 2 1 1 4 1
11 2 1 1 5 1
12 1 1 1
13 3 2 1 4 1
14 2 3 1
15 3 2 1 3 1
16 1 4 1
17 6 2 1 5 1
18 3 3 1
19 1 2 1
20 3 0 1 5 1
21 2 3 1
22 1 5 1 6 1
23 5 3 1 5 1
24 2 4 1 5 1
25 2 3 1
26 3 4 1 8 1
27 2 2 1
28 2 2 1
29 2 2 1
30 1 7 1
31 0
0 1 2 3
1 12 23 24
2 4 5 6
3 11 13 14
4 9 16 18
5 7 10 18
6 8 9
7 17
8 10 13 17
9 12 19 22
10 11 12 19
11 16 20 25
12 25 26 30
13 16 27 29
14 15 19 20
15 18 22 25
16 21 26
17 20 27
18 21 24 27
19 23 24 26
20 21 22 29
21 23
22 28
23 30
24 28
25 29
26 28
27 30
28 31
29 31
30 31
31
