32 12 15
0 1 5 9
1 2
2 0 1 2
3 1 2
4 1 3 4 5 9
5 3 4 5
6 1
7 1
8 2 5 6 7 8
9 6 7 8
10 6 7 8
11 4 5
12 8
13 5
14 1 2
0 0
1 2 1 1 5 1 10 1
2 2 1 1 5 1
3 1 2 2 5 1 8 1
4 4 2 1 5 1 6 1 8 1
5 1 2 1 8 1 9 1 10 1 11 1
6 2 1 1
7 2 7 1
8 1 2 1 6 1 8 1 10 1
9 2 5 1 8 1 9 1
10 1 8 1 10 2
11 1 6 2 8 1 10 1 11 1
12 3 5 2 8 1
13 3 6 1 8 1
14 3 5 1 6 1 10 1
15 2 4 1 5 1 7 1 8 1
16 3 1 1 2 1 4 1 5 1
17 3 8 1 11 1
18 3 2 1 5 1 9 1
19 4 6 1 10 1
20 2 2 1
21 2 2 1
22 3 4 1 5 1
23 1 1 1 2 1 3 1 8 2 11 1
24 2 2 1 10 1
25 4 0 1 2 1 5 2 10 1 11 1
26 2 4 1 5 1 10 1
27 3 5 1 6 3 8 1
28 2 2 2 5 2 6 1
29 1 2 1 5 1 11 1
30 2 1 1 2 1 4 1 7 1 8 1
31 0
0 1 2 3
1 5 21
2 4
3 6 19
4 7 10 19
5 13 14 16
6 9 14
7 8 30
8 17
9 10 12
10 11
11 28
12 23 27
13 15 17
14 25 26
15 20
16 18 24
17 18
18 22
19 21
20 30
21 27
22 28
23 28 29
24 26
25 27
26 29 30
27 29
28 31
29 31
30 31
31
