92 12 13
0 1 9
1 6 7 8
2 5 6 7 8
3 6 7 8
4 1
5 1 4 5 7 8 9
6 0 1 2 3 4 5 8
7 8
8 5
9 1 9
10 1 9
11 1 3 4 5
12 8
0 0
1 3 4 1
2 3 7 1 8 1 10 1
3 2 5 3 9 1
4 2 5 1 7 1 10 1
5 2 5 1 6 1 8 1
6 2 9 2 10 1
7 1 2 1 4 1
8 3 10 1
9 3 10 2
10 2 5 1 10 1
11 3 6 2
12 5 4 1 10 1
13 4 7 1 10 1
14 3 3 1
15 2 5 1 8 1
16 4 9 1 10 1
17 6 5 1 7 1 9 1
18 2 4 1 5 1 9 1
19 3 5 1 8 1
20 3 8 1 10 1
21 3 9 1
22 2 8 1 10 1
23 2 4 1 9 1
24 4 5 1 8 2 10 1
25 1 4 1 5 1 9 1 10 1
26 1 3 1 5 1 9 1 10 1
27 3 6 1
28 4 7 1 10 1
29 2 6 1 10 1
30 1 10 1
31 2 5 1 7 1 8 1 9 1
32 2 0 1 9 1
33 1 5 1 8 3
34 2 8 1 9 2
35 3 6 1 8 1 9 2
36 3 3 1 6 1
37 1 5 1 8 1
38 1 4 1 5 1 10 2
39 3 4 1 8 2 10 1
40 1 8 2 10 1
41 4 8 1
42 2 8 1 9 1 10 1
43 1 5 1 6 1 7 1
44 2 5 1 6 1 10 2
45 1 6 1 8 1 10 1
46 1 2 1 8 1 10 1
47 2 10 1
48 4 8 1
49 3 7 1
50 2 5 1 10 3
51 4 5 1 6 1 9 1
52 1 8 1 10 2
53 3 7 1 8 2
54 2 8 1 10 1
55 4 3 1 8 1
56 3 6 1 8 1
57 2 5 1 6 1 10 1
58 3 8 2 9 1
59 3 10 2
60 3 7 1
61 3 8 1 9 1
62 2 8 1 10 1
63 1 8 1 9 1 10 2
64 1 6 1 8 1 10 2
65 2 4 1 10 1
66 3 4 1 8 1 9 1
67 3 2 1 5 1 6 1 10 1
68 2 7 1 10 2
69 1 5 1 10 1
70 2 3 1 8 1 10 2
71 1 8 1
72 2 1 1 4 1 5 1 8 1
73 1 6 1 10 1
74 4 5 1 7 2 11 1
75 2 7 1
76 3 3 1 10 1
77 2 5 1 6 1 10 1
78 2 4 1 8 1 9 1 10 1
79 2 10 2
80 2 9 1 10 2
81 3 7 1 8 1 9 1
82 3 6 1 9 1
83 1 8 1 10 1
84 3 4 2 5 1 10 1
85 2 5 1 6 1 8 1 9 1
86 2 4 1 10 3
87 1 6 1 8 1
88 2 4 1 6 1 8 2
89 1 7 1 8 1
90 2 2 1 6 1 9 1 10 1
91 0
0 1 2 3
1 4 19 39
2 5 9 13
3 6 49
4 14 16 51
5 7
6 8 10 12
7 11 21 32
8 85
9 11 78
10 36
11 80
12 17 29 37
13 15 33 54
14 28 30 59
15 35 50
16 18 46 57
17 22 31 50
18 53 58
19 20 24 27
20 23 35 56
21 25 44 73
22 26 59 89
23 28 84
24 41 62
25 53 80
26 30 62 68
27 49
28 34 46 67
29 70
30 40 75
31 36 41
32 42 50 56
33 47 69
34 87
35 38 60 64
36 44 63 66
37 48
38 49
39 45
40 79
41 45 57
42 43
43 59 64
44 74 81
45 52 70
46 78
47 56
48 58 78 86
49 73
50 52
51 69
52 72
53 60 85
54 55 74
55 73
56 76 87
57 68 77
58 61
59 61 62
60 65 71 90
61 80
62 66 76 77
63 70 71
64 65 72 75
65 66 89
66 82
67 68 71 75
68 69 82
69 86
70 72 76
71 74
72 79 87
73 79
74 77
75 82
76 83
77 86
78 89
79 81
80 81
81 83
82 88
83 84
84 85 90
85 88
86 88
87 90
88 91
89 91
90 91
91
