92 12 19
0 6 7 8
1 1 2 6 7 8
2 3 4 5
3 1 9
4 8
5 1 9
6 0 1 2
7 8
8 1 9
9 5
10 6 7 8
11 1 2
12 2
13 1 9
14 1
15 1
16 6 7 8
17 8
18 6 7 8
0 0
1 2 2 1 5 2 8 1 11 1
2 2 9 1
3 5 5 1 8 1 9 1
4 3 1 1 4 1 7 1 8 2
5 4 5 1 9 1
6 2 6 1 7 1 8 1 10 1 11 1
7 3 2 1 8 2
8 1 3 1 5 1 6 1 8 1 9 1 10 1
9 4 2 1 5 1 10 1 11 1
10 3 2 1 7 1 10 1
11 1 1 1 3 1 6 1 8 2 9 1
12 2 2 1 10 2
13 2 8 1
14 2 5 1 9 1
15 1 1 1 9 2 10 1 11 1
16 4 1 1 2 1 7 1 8 2 10 1
17 6 4 1 8 2 9 1 10 1
18 1 6 1 7 1
19 9 2 1 3 1 8 2 9 1
20 1 5 1 7 1
21 1 5 1
22 2 0 1 7 1 8 1 10 2
23 3 1 1 6 1 7 2 8 1 10 1
24 3 2 1 10 1
25 4 2 1 6 1 10 1
26 7 2 1 3 1 5 1 6 1 8 1 10 1
27 3 1 1 8 1 9 1 10 1
28 2 2 1 6 1
29 1 2 1 8 2 9 2
30 2 8 1
31 2 2 1 8 1 10 1
32 4 2 1 4 1 8 1 9 1
33 2 5 1 8 1 9 1
34 2 10 1 11 1
35 3 5 1 8 1
36 4 9 1
37 3 4 1 6 1 9 2
38 1 6 1
39 1 0 1 7 1 8 1 10 1
40 1 5 1 6 1 8 1
41 2 1 1 8 1 10 3
42 4 8 1
43 2 2 1 5 1 9 1
44 3 7 1 8 4 10 1
45 3 7 1 9 1
46 2 6 1 7 1 8 1
47 1 8 1
48 2 10 1
49 3 2 1 5 1 8 2 10 2
50 3 0 1 2 1 7 2 8 1 9 1
51 2 5 1 10 1
52 2 5 1 7 1 10 1
53 4 6 1
54 4 6 1 9 1
55 2 8 2 10 2
56 2 6 1 8 1 9 1
57 2 8 3 9 2 10 1
58 4 1 1 8 1 9 1 11 1
59 1 6 2 8 2 10 1
60 2 2 1 7 1 8 1
61 2 2 1 8 2
62 2 8 2 9 1 10 1
63 2 1 1 5 1 6 1 11 1
64 1 7 1
65 2 2 1 6 1 8 1
66 2 10 1
67 2 9 1
68 4 6 1 9 1 10 1
69 4 8 1
70 6 2 1 8 2
71 3 5 2 6 1 7 1 8 1
72 2 2 1 10 1
73 2 8 2 10 1 11 1
74 1 2 1 4 1 7 1 8 1 10 1
75 3 2 1
76 4 9 1
77 1 5 1
78 3 5 1 8 1 9 1 10 1 11 1
79 2 2 1 5 1 6 1 8 1 9 1 10 1
80 5 1 1 7 1 8 1 10 1
81 5 8 2 11 1
82 3 8 1
83 2 2 1 5 1 7 1 8 1 10 1 11 1
84 1 7 2 9 1 10 1
85 5 7 1 8 1
86 2 8 1 9 1 10 2
87 2 7 2 8 1 9 1 10 2
88 4 9 1
89 1 2 1
90 3 8 1 9 1
91 0
0 1 2 3
1 5 6 27
2 7 12 13
3 4 11 22
4 8 73 79
5 10 14 15
6 25 50
7 9 16 39
8 23 44
9 72 89
10 12 47
11 37 41 88
12 43 46 80
13 24 26 56
14 63
15 32 34 56
16 17 18 19
17 28 34 83
18 26 35 38
19 20 55 84
20 21
21 43 64
22 28 46 60
23 29 30 84
24 81
25 33 36 82
26 27 69
27 62 66
28 70
29 40 68
30 31 75 90
31 47 54 57
32 37 61
33 59 80
34 50 60 61
35 40 64
36 85
37 49 72
38 56 78
39 42
40 43 45 77
41 50 72
42 63 67 78
43 48
44 49 51 86
45 58
46 69
47 49 68
48 53 74
49 52 65
50 52 69
51 52 61
52 63
53 67
54 55
55 66
56 81
57 58
58 76
59 87
60 66
61 90
62 78 80
63 71 77
64 65 68
65 71
66 67 71 77
67 76
68 76
69 73
70 73 75
71 74
72 83
73 82
74 82
75 87
76 81 86
77 87
78 79 85
79 86
80 83
81 85
82 89
83 84
84 90
85 88
86 88
87 89
88 91
89 91
90 91
91
