92 9 17
0 2
1 1 2 5 6 7 8
2 4 5
3 2 8
4 5
5 4 5 8
6 3 4 5 6 7 8
7 3 4 5
8 2 7 8
9 6 7 8
10 6 7 8
11 6 7 8
12 7 8
13 5
14 0 1 2
15 2
16 4 5
0 0
1 1 2 1 4 1 5 2
2 1 2 2 5 1 7 1
3 2 2 1 5 1 6 1 7 1
4 2 7 2
5 2 3 1
6 4 2 1
7 2 5 2
8 4 2 1 5 1
9 4 7 1
10 3 7 1
11 2 5 1 6 2
12 2 3 1 7 3
13 3 3 1 4 1 5 1
14 4 7 2
15 2 2 1 5 1 6 1 7 1
16 3 2 2
17 1 2 1 6 1 8 1
18 2 2 2 7 1
19 3 2 1 5 1 6 1 7 2
20 2 2 1 5 1 6 1 7 1
21 1 6 1 7 1
22 3 1 1 7 1
23 2 5 1 7 1
24 3 7 1
25 1 2 1
26 1 0 1 4 1 6 1
27 3 2 2 5 1 6 1 7 1
28 2 4 1 5 1 7 1
29 2 3 1 5 1 7 2
30 3 2 2 5 1 7 2
31 4 2 1 4 1 5 1 6 1
32 3 2 1 6 1
33 3 6 1 7 1
34 3 7 2
35 1 4 1 5 1
36 2 7 1
37 2 7 1
38 1 2 1 5 1 7 1
39 1 2 1
40 1 1 1 2 1 7 3
41 2 2 2 6 1 7 1
42 2 0 1 5 2
43 2 2 1 5 2 6 2
44 1 2 1 5 2
45 4 7 1
46 3 4 1
47 2 2 1
48 2 2 2 5 1 7 1
49 5 2 1 4 1 6 1 7 1
50 1 0 1 2 1 5 2 6 1
51 3 2 1 5 2 7 1
52 1 2 3 5 1 7 1
53 2 0 1 2 1 5 1 7 1
54 2 5 2 7 1
55 2 2 2 3 1 4 1 6 1
56 2 1 1 2 1 5 1
57 3 1 1 2 1 5 1 6 1 7 1
58 2 5 1
59 2 2 1 5 2 6 2
60 3 5 3 6 1 7 1
61 2 7 1
62 1 5 1 6 1 7 1
63 2 5 1
64 4 2 1 5 1 6 1
65 3 2 1 5 1
66 1 6 2
67 2 2 1 7 1
68 1 4 1 5 3
69 3 7 1
70 2 3 1 4 1 5 2
71 2 1 1
72 3 2 2
73 3 2 1 4 1 5 1 7 2
74 1 2 1 5 1
75 2 2 1 3 1 4 1
76 2 6 1 7 1
77 1 3 1 5 2 7 2
78 2 2 1 4 2 5 1 6 1
79 2 6 1
80 2 2 1 7 1
81 2 2 1 4 1
82 2 2 1
83 1 2 2 5 2 6 1
84 1 5 2
85 1 7 2
86 2 3 1 4 1 6 1
87 1 2 1 4 2 5 2
88 1 0 1 3 1 5 1
89 3 0 1 2 1 4 2 5 1
90 2 4 1
91 0
0 1 2 3
1 4 11 34
2 7 12 15
3 6 8 69
4 5 10
5 53
6 13 82
7 46 57
8 9 43
9 21 39 58
10 37 51
11 73
12 14 22 55
13 17 28 36
14 26 42 66
15 16 37 62
16 18 32 70
17 19 31
18 24 41 47
19 20 50
20 45
21 25 75 86
22 23 44 54
23 50
24 85
25 27
26 30 64
27 65
28 29 35
29 77
30 33
31 32
32 65
33 78
34 38
35 40 76
36 59
37 38 52
38 48 57 74
39 60
40 66
41 60
42 49
43 81
44 50 72
45 68 71
46 64
47 65 85
48 56
49 84
50 61
51 82
52 57
53 80
54 84
55 63
56 67 80
57 63
58 70
59 68 79
60 72
61 71
62 74
63 79
64 73
65 68
66 71
67 70
68 87
69 83
70 79
71 73
72 78
73 74 85
74 89
75 78 82
76 83 86
77 90
78 89
79 84
80 81
81 89
82 83
83 88
84 86
85 90
86 87
87 88
88 91
89 91
90 91
91
