32 15 19
0 1
1 3 4 5
2 0 1 2
3 6 7 8
4 3 4 5
5 1 2 4 5 7 8
6 4 5
7 1 3 4 5 9
8 1 2 7 8
9 1 8 9
10 6 7 8
11 5
12 4 5
13 1 9
14 6 7 8
15 1 2
16 3 4 5
17 3 4 5
18 8
0 0
1 4 3 1 5 1 12 1
2 2 3 1 4 1 8 1 10 2
3 2 3 1 4 1 5 1 6 1 10 1
4 2 4 2 5 1 8 2
5 2 3 1 5 2 10 1 11 1
6 3 2 1 5 1 9 1
7 1 3 1 5 1 7 1 8 2
8 4 3 1 4 3
9 2 8 1
10 3 0 1 4 1 5 1 6 1 13 2
11 3 1 1 5 1
12 2 7 1
13 1 2 2 7 1 8 1
14 2 1 1 7 1 9 1
15 2 5 1
16 1 3 1 13 1
17 2 3 1 5 1 13 1
18 3 3 1
19 1 2 1 3 1 6 1 13 1
20 4 2 1 5 1 6 1 8 1
21 3 3 1 10 1 14 1
22 1 4 2
23 2 1 1
24 1 10 1 12 1
25 3 0 1 5 1 10 1 12 1
26 5 3 1 4 2 5 1 8 1 13 1
27 2 5 1 13 1
28 3 3 1 4 1 5 2 8 1 13 1
29 2 5 1 11 1
30 3 9 1
31 0
0 1 2 3
1 6 10 15
2 4 9 11
3 7 18 21
4 5 14
5 21 30
6 8 22 27
7 13 17 24
8 12 25 29
9 16 20
10 17 19 21
11 16 22
12 18 30
13 19 20
14 20 26
15 16
16 23
17 23 27
18 28
19 28
20 22
21 23 24
22 30
23 26 29
24 25 27
25 26
26 28
27 29
28 31
29 31
30 31
31
