92 12 14
0 2
1 0 1 2 6 7 8
2 2
3 1 2 6 7 8
4 4 5
5 7 8
6 1 9
7 1
8 3 4 5 8
9 5 6 7 8
10 1 5 6 7 8 9
11 1 2
12 3 4 5
13 3 4 5
0 0
1 6 5 1
2 3 7 1 11 1
3 2 2 1 7 2
4 1 2 1 5 1 8 1
5 3 3 1 4 2 10 1
6 2 8 2 9 1
7 3 2 1 4 1
8 3 2 2 5 2
9 1 7 1 8 1
10 4 4 1 7 2 8 1
11 5 7 1 8 1
12 4 1 1 3 1 9 1 11 1
13 3 6 1
14 1 3 1 11 1
15 3 1 1
16 3 7 1
17 4 4 2
18 3 3 1 5 1
19 2 2 1 5 1 11 1
20 2 1 1 4 2
21 1 2 1
22 2 1 1 4 1 8 1 11 1
23 3 0 1 1 2 2 1
24 5 2 3 9 1
25 4 5 1 8 3
26 3 1 1 2 1 3 1 4 1
27 1 7 1
28 3 2 1 8 1 9 1
29 2 2 2
30 2 2 1 4 1 11 1
31 3 5 1
32 4 2 1 4 1 11 1
33 3 2 1 10 1
34 6 2 2 7 1
35 3 3 1 4 1 9 1 11 1
36 3 1 1
37 2 5 1 10 1 11 1
38 3 11 1
39 3 6 1
40 2 2 1 5 1
41 4 2 2 3 1 10 1
42 4 11 1
43 1 2 1 4 1 5 1
44 4 1 1 8 1 9 1
45 1 3 1 7 1 11 1
46 1 2 1 7 1
47 3 2 3 9 1
48 6 8 1
49 2 2 1 8 1 10 1
50 1 4 1 5 1
51 1 2 1 8 1
52 4 1 1
53 3 5 1
54 3 1 1 2 2 3 1
55 1 9 1
56 3 1 1 11 1
57 6 2 1
58 1 0 1 11 1
59 2 1 1 4 1 6 1
60 2 4 2 7 1
61 3 1 1 5 1 7 1
62 2 8 1 9 1
63 3 7 1 9 1
64 3 5 3
65 2 2 1 5 1 11 1
66 4 8 1
67 2 2 1 4 1 9 1 11 1
68 3 2 1 5 1 8 1 11 1
69 1 5 1 7 1 10 1
70 5 1 1 7 2
71 2 5 1
72 3 1 1 4 1 11 1
73 3 2 2
74 2 2 2 5 1 8 1
75 2 1 1 3 1 7 1 11 1
76 3 4 1 5 1
77 1 9 1 11 1
78 2 2 2 7 1 8 1
79 1 2 1 10 1
80 5 1 1 5 1 7 1
81 2 0 1 5 3
82 3 2 1 7 2 11 1
83 1 5 1 6 1 8 1
84 5 2 1 5 1 8 1
85 1 5 1 9 1 11 1
86 3 4 1 10 1
87 1 1 1 4 1 10 1
88 4 5 1 7 1 9 1 11 1
89 4 2 1 8 1 11 1
90 2 6 1 10 1
91 0
0 1 2 3
1 13 21 37
2 6 36
3 4 8
4 5 7 63
5 49
6 15 20 38
7 11 25
8 9 12 47
9 10 14 28
10 19 22 34
11 42
12 56
13 16 17
14 18 33 79
15 26 54
16 72
17 87
18 69
19 23 78
20 58 59
21 35 45 62
22 27 30 40
23 24
24 29 44
25 46
26 76
27 64
28 41 43
29 31 32 60
30 51 80
31 39
32 56 74
33 59
34 79
35 57
36 66
37 68
38 48 50 53
39 84
40 52
41 58 61
42 65
43 74
44 86
45 70 80
46 81
47 60 82
48 70
49 65
50 55 85
51 52
52 57
53 66 67 75
54 66 73
55 83
56 85
57 65 71
58 83
59 70
60 85
61 76
62 75
63 73
64 75
65 77
66 77
67 77
68 76
69 74
70 71
71 86
72 78
73 88
74 83
75 79
76 89
77 78 81
78 90
79 80
80 86
81 84 87 88
82 84
83 87
84 90
85 88 89
86 90
87 89
88 91
89 91
90 91
91
