92 12 26
0 6 7 8
1 0 1 2
2 1 6 7 8 9
3 7 8
4 7 8
5 1 3 4 5 9
6 4 5
7 6 7 8
8 1 9
9 1
10 3 4 5
11 1 2
12 1
13 3 4 5
14 6 7 8
15 4 5
16 1 3 4 5
17 5
18 7 8
19 7 8
20 4 5
21 1 9
22 8
23 1 9
24 1 2
25 1
0 0
1 4 2 1 7 1
2 2 7 1 10 1
3 1 1 1 2 1 3 1 6 1
4 3 4 2 8 1
5 1 0 1 5 1
6 2 8 1
7 1 7 1 10 1
8 4 1 1 2 1 4 1 5 2 7 1 8 1 10 1
9 1 7 1
10 1 4 1 5 1
11 3 1 1 6 1 10 2
12 3 7 1 10 1
13 2 8 1
14 2 1 1 4 1 6 1 8 1 9 1
15 2 5 1
16 1 2 1 5 2 9 1
17 2 2 1 5 1 7 1 8 1 10 1
18 2 4 2 6 1 9 1 10 2
19 2 2 1 5 1 7 2 10 1
20 2 7 2 10 1
21 1 6 1 7 1 10 1 11 1
22 2 7 1 8 1 9 1 10 1
23 1 1 1 4 1 5 2 7 2 8 1
24 4 4 1
25 1 2 1 6 2 7 1 8 2 10 1
26 1 2 1 4 1 5 1 8 3 10 2
27 1 1 1 4 1 6 1 7 1 10 1
28 2 1 2 3 1 5 1 6 1 8 1 10 1
29 1 5 1 6 1 8 2
30 2 7 2 9 1
31 2 1 1 3 1 6 1 7 1 8 1
32 3 2 1 7 1
33 4 0 1 2 1 8 2
34 1 2 1 3 2 7 2 8 2 9 1
35 2 1 1 3 1 4 1 8 1 10 3
36 3 1 1 10 1
37 2 8 1
38 1 7 1
39 1 2 1 5 2 7 2
40 4 2 1 5 1
41 2 4 1 10 1
42 2 7 2
43 3 2 1 4 1 5 1 6 1 7 1 10 2
44 1 6 1 9 1
45 2 6 1 8 1
46 2 4 1 8 3 9 1
47 2 1 1 3 1 4 1 5 1 7 1 8 1 11 1
48 1 2 1
49 1 10 1
50 1 4 1 5 1 6 1 7 1 9 1
51 1 4 1 7 1
52 2 1 1 4 1 5 1 6 1 7 1 8 2 10 1
53 3 4 1 5 1 8 2 10 1
54 1 5 1 8 1 9 2
55 2 2 2 4 1 10 2
56 1 3 1 5 1 11 1
57 3 2 1 3 1 6 1 7 1 10 1
58 1 7 1 10 1
59 2 5 1 11 1
60 1 3 1 7 1 8 1 10 1
61 1 2 1 5 1 8 1 9 1
62 2 5 1 11 1
63 2 1 1 3 1 4 1 7 2 10 1
64 3 1 1 3 1 4 1 6 2 9 1
65 1 4 1 7 1 8 1
66 2 5 2 8 2
67 2 1 1 5 1
68 5 5 1 6 1 9 1 10 1
69 3 3 1 5 1
70 2 1 1 2 2 4 1 5 1 10 1
71 1 3 1 4 1 6 2 7 1 8 1 10 1
72 3 2 1 4 1 7 1
73 2 0 1 4 1 5 1
74 2 2 1 4 1 5 1 8 3 10 1 11 1
75 2 4 1 7 1 8 1 9 1
76 3 2 1 5 1 7 1 8 1 10 1 11 1
77 2 4 1 5 1 7 1
78 1 3 1 6 1 8 1
79 2 10 1 11 1
80 2 1 1 2 1 3 1 5 1 7 1 10 1
81 2 4 2 6 1 7 2
82 3 2 1 4 1 5 1 7 3 10 1
83 2 3 1 4 1 5 2 7 2 11 1
84 3 2 1 3 1 7 2 8 1
85 4 2 1 4 1 8 2 11 1
86 4 2 1 4 1 5 1 6 1 7 1 10 1
87 3 2 1 4 1 5 1 7 1 9 1
88 3 2 1 6 1 7 1 8 1 9 1 10 2
89 2 4 1 5 1 6 1 8 1 10 1 11 1
90 1 4 1 5 1 6 1 7 1 8 1 9 1 11 1
91 0
0 1 2 3
1 6 7 12
2 36 58 82
3 4 8 10
4 5 15 49
5 9 27 41
6 22
7 19 33 65
8 23 29 81
9 24 25 50
10 11 13 28
11 14 16 18
12 25 38 63
13 76
14 23 40
15 54 73
16 17 31 44
17 35 43 52
18 20
19 21 48 55
20 79
21 26 42 50
22 42 63 67
23 86
24 30 32 78
25 51
26 71 80
27 37 60
28 45 46 72
29 47 58
30 70
31 34 48
32 35 56 75
33 43 49 64
34 39
35 53 72
36 40 66 68
37 57 72
38 59 66 78
39 49 65 80
40 43 85
41 67
42 53 64 78
43 84
44 79
45 55 62
46 74 90
47 69
48 52 73
49 58 61
50 68 69
51 54 61
52 60 74
53 84
54 56 69
55 83
56 83
57 64 74
58 62 76 87
59 62 67
60 66
61 73
62 75
63 71 77
64 81
65 88
66 83
67 70 86
68 88
69 89
70 71
71 76 79
72 77 84
73 77
74 75
75 88
76 90
77 81
78 80
79 82
80 85
81 86
82 85
83 87
84 90
85 87
86 89
87 89
88 91
89 91
90 91
91
