92 15 29
0 4 5 6 7 8
1 1 2
2 0 1 2 3 4 5 6 7 8
3 6 7 8
4 1
5 1 9
6 2
7 1 9
8 1
9 4 5
10 1
11 4 5
12 1 2
13 3 4 5
14 8
15 3 4 5
16 1
17 8
18 1
19 2
20 4 5
21 1
22 5 7 8
23 4 5
24 1 9
25 1 9
26 7 8
27 1 3 4 5
28 1
0 0
1 3 3 1 4 2 6 1 13 1 14 1
2 4 9 1
3 1 2 1 3 1 6 1 11 1
4 3 4 1 14 1
5 2 2 1
6 2 2 2 5 1 7 1 8 1 10 1 11 1
7 5 5 3 8 1 13 1 14 1
8 1 2 1 13 1
9 3 2 1 4 1 7 1 11 3 13 2
10 2 3 1 4 1 6 1 8 2 13 1
11 3 1 1 5 1 7 1 9 1 10 1 13 1
12 1 2 2 4 3 8 1 10 1 13 1
13 4 9 1 10 2 13 2
14 2 2 1 5 1
15 3 5 1 8 1 11 1 13 1
16 3 4 1 5 1 10 1 12 1 13 1
17 1 0 1 2 1 4 2 10 1 13 1 14 1
18 5 2 2 4 1 8 3 13 1
19 4 2 1 4 2 5 1 7 2 8 1 12 1 14 1
20 1 2 1 4 1 8 1 14 1
21 1 5 2 9 1 11 2 13 1 14 1
22 1 2 1 4 1 5 1 8 1 11 2 13 1
23 4 8 1
24 5 11 1 13 1 14 1
25 3 9 1 13 1
26 2 4 1 11 2 13 1
27 1 2 2 5 1 7 1 9 1
28 1 4 2 7 1 9 1 11 1 14 2
29 2 8 1 9 1
30 2 5 1 6 1 11 1 12 1 13 1 14 2
31 3 4 1
32 3 5 2 10 1 11 2 13 1 14 1
33 2 2 3 5 2 7 1 8 2
34 4 1 1 2 1 10 1 13 1
35 3 4 1 5 2 6 1 8 1 10 1 11 2 14 1
36 4 1 1 2 1 3 1 5 1
37 1 5 3 10 1 11 1 13 1
38 2 2 3 4 3 7 1 10 1
39 4 8 1
40 2 1 1 4 1 9 1 10 2 11 2 13 1
41 3 2 1 3 1 8 1 9 1 10 1 13 1
42 3 2 1 4 1 5 1 14 1
43 2 3 1 4 1 5 2 6 1 13 2 14 1
44 5 2 2 5 1 8 2 10 1 11 1
45 1 1 1 4 1 5 1 8 1 10 1 11 2 13 1
46 2 2 1
47 4 2 1 7 1 11 1
48 1 11 1
49 4 1 1 7 2 8 1 10 1 11 1 13 2
50 1 4 1 9 1 10 1 13 2 14 1
51 2 2 1 4 2 5 2 7 1 8 1 10 1 11 1
52 1 8 1
53 2 4 1 6 1 7 1 8 1 10 1 12 1 14 2
54 3 5 1
55 2 5 2 8 1 11 1 13 2
56 3 2 1 4 2 6 1 11 1 13 1
57 1 4 2 7 1 8 1 9 1 13 3 14 1
58 2 5 1 8 1 14 1
59 1 2 1 5 2 6 1
60 2 2 1 4 1 9 1 11 1 14 1
61 1 10 1
62 3 4 2 7 1 8 1 10 1 13 1
63 2 4 1 5 1 11 2 12 1 13 1
64 4 2 1 6 1 7 2 9 1 11 2 13 1 14 1
65 2 2 1 3 1 5 1 8 1 9 1 13 1
66 5 2 1 5 1 7 1 12 1
67 3 2 2 4 1 5 2 8 1 11 3
68 3 5 1
69 2 13 1
70 2 1 1 4 2 5 2 6 1 11 1 14 1
71 2 2 1 4 1 5 2 8 1 9 1 10 2 13 1
72 2 7 1 8 1 11 1
73 2 1 1 4 3 11 1
74 1 10 1
75 3 2 1 4 1 5 1 7 1 10 1 11 1 13 1 14 1
76 2 2 3 8 1 10 1 11 2 13 1
77 2 4 2 5 1 7 1 8 1 10 1 11 1
78 1 5 1 9 1 10 1
79 2 3 1 4 1 13 2
80 4 4 1 13 1
81 2 2 1 3 1 4 1
82 3 1 1 3 1 13 2
83 2 4 1 6 1
84 2 4 1 8 1 11 1 13 1 14 1
85 3 4 2 5 1 7 1 8 1 9 1 10 1 11 1
86 2 2 1 5 1 8 2 9 1 10 1 13 1
87 1 5 1
88 2 2 1 4 1 6 1 8 1 9 1 11 2 13 1 14 1
89 2 2 1 4 1 6 1 14 1
90 2 2 1 5 2 7 1 13 1
91 0
0 1 2 3
1 5 9 28
2 4 6 13
3 7 8 16
4 26 44
5 15 27 29
6 21 22 26
7 10 19 39
8 14 39 57
9 11 16 67
10 12 35 47
11 29 43 48
12 17 33 51
13 24 34 54
14 20 85
15 22 32 37
16 18 34
17 31 69 72
18 21 36 50
19 23 66
20 25
21 46 85
22 34 48 77
23 24 62 89
24 30 55 58
25 37 38 56
26 36 73 86
27 42 46 54
28 30 72
29 38 77
30 61
31 42 45 52
32 49 59 79
33 48 49 56
34 45 46 61
35 37 41 45
36 64
37 66 81
38 40 64 66
39 40 41
40 59 74 84
41 73 77
42 62 70 75
43 49 52 58
44 58 60
45 57 80
46 69
47 50 52 67
48 53 72
49 55 71 74
50 51 55 80
51 74
52 53 63 76
53 57 65 80
54 56 76
55 65 68
56 61 67
57 59 71 85
58 75
59 88
60 62 71
61 63 64 68
62 63 78
63 84 90
64 65 69
65 70
66 73
67 68 79
68 70 86
69 87
70 78 81
71 75 82 86
72 83
73 76
74 81
75 78
76 89
77 79
78 83
79 82
80 82
81 87
82 83 87 89
83 84
84 88
85 90
86 88
87 90
88 91
89 91
90 91
91
