92 15 23
0 2
1 7 8
2 1 6 7 8
3 1
4 1 6 7 8
5 1
6 0 1 2
7 6 7 8
8 2
9 1
10 3 4 5
11 6 7 8
12 1
13 7 8
14 1
15 8
16 1
17 1 9
18 1 2
19 5
20 1
21 3 4 5
22 5
0 0
1 3 6 1 7 1 14 1
2 2 8 1
3 2 6 1 7 1 12 3 13 1
4 3 1 1 8 2 10 1 12 1 13 2
5 2 2 1 8 1 11 1 13 2
6 1 1 1 7 1 12 2 13 3
7 2 8 2 12 1
8 1 10 1 13 1
9 3 4 2 11 1
10 1 7 1 12 1 13 2
11 1 2 1 6 2 8 1 12 1 13 2
12 3 8 1 12 1 13 2
13 2 5 1
14 3 0 1 4 1 12 1 13 1
15 4 0 1 2 1 4 1 6 1 7 1 12 1 13 1
16 2 5 1 7 2 8 1 11 1 12 2
17 1 2 1 7 1 8 2 11 1 13 2
18 2 2 1 8 1
19 3 2 2 8 1
20 2 0 1 2 1 4 1 8 2 11 1
21 1 5 1 12 2
22 2 0 1 3 1 6 1 12 1 13 1
23 1 1 1 2 1 7 1 8 1 11 1 12 1
24 1 2 1 10 1 13 2
25 2 6 1 9 1
26 4 2 2 6 1 8 1 12 1 13 1
27 2 2 2 8 2 13 3
28 2 5 1
29 1 5 1 6 1 10 1 12 1 13 1
30 3 2 1 7 1 12 1
31 2 4 1 8 1 12 1
32 2 2 1 12 1
33 5 3 1 7 1 8 1 10 1
34 2 2 2 4 1
35 2 0 1 2 1 4 1 5 1 6 1 7 1 13 1
36 2 2 1 5 1 12 1
37 4 1 1 2 1 8 1
38 3 13 1
39 3 2 2 7 1 10 1
40 1 5 1 7 1 12 4 13 1
41 4 2 1 5 1 10 1 13 1
42 5 0 1 1 1 2 2 8 1 10 1 12 1
43 3 8 2
44 2 2 1 11 2 13 2
45 4 8 1 9 1 10 1 12 1 13 1
46 1 5 1 11 1
47 2 8 1
48 4 5 1 7 1 12 1 13 2
49 2 3 1 6 2 10 1 11 1 12 1
50 4 13 1
51 3 7 1 8 1
52 4 1 1 2 1 7 1 8 1 13 1
53 2 1 1 2 1 5 1 10 1 13 1
54 2 4 1 5 1 7 1 8 1 10 1 13 1
55 1 5 1 7 1 13 1
56 4 2 1 12 3 13 1
57 3 7 1 10 1 11 1 13 2
58 3 1 1 2 1 6 1 11 1 12 1
59 2 2 2 7 1 12 1 13 1
60 2 1 1 8 2 13 1
61 1 0 1 2 2 5 1 7 1 10 2
62 4 2 1 5 1 6 1 13 2
63 4 5 1 7 2 8 1
64 4 8 1 10 1 11 1 12 1 13 2
65 1 2 1 4 1 10 1 12 1 13 1
66 4 7 1 8 1 12 1
67 1 5 1 12 1
68 2 11 1
69 2 2 1 7 1 9 1 12 1
70 3 0 1 2 1 7 1 8 1 11 1 12 1
71 3 0 1 3 1 13 1
72 2 2 2 5 1 7 2 8 1 11 1
73 1 1 1 6 1 7 1 8 1 12 1 13 2
74 1 5 1 7 1 8 1
75 2 1 1 2 1 3 1 8 1 12 1
76 1 2 1 7 2 10 1 12 1
77 2 2 1 13 1
78 4 7 1 13 2
79 3 8 1
80 3 13 1
81 3 4 1 12 1 13 1
82 1 1 1 2 1
83 2 5 1 8 1 13 1
84 2 5 1 8 1 12 1 13 1
85 3 1 1 2 1 5 1 8 1 12 1 13 1
86 2 7 1 10 2 13 1
87 1 6 1 13 1
88 2 2 2 5 1 7 1 8 1 11 1 13 1
89 1 7 1 8 1 12 1
90 2 8 1 11 1 13 2
91 0
0 1 2 3
1 12 16 40
2 8 9 17
3 4 6 25
4 5 7 13
5 23 27 28
6 30 59
7 10 11 14
8 38 50
9 19 53 67
10 21 36 51
11 27 57 74
12 33 72
13 35 46
14 15
15 18 74
16 87
17 20 24 26
18 22 42 78
19 39 64
20 80
21 80
22 55
23 47 54
24 62
25 70
26 32 56 82
27 31
28 29 58 65
29 41 81
30 86
31 34 51
32 39
33 37 79
34 45 76
35 68
36 64 73
37 60
38 43 86
39 85
40 56
41 63 76
42 49
43 44
44 63 87
45 48 52
46 83
47 52
48 62
49 61
50 52
51 62
52 53
53 65
54 70
55 61
56 85
57 72
58 88
59 79
60 71
61 64
62 77
63 73 75
64 84
65 66 85
66 75
67 81
68 69
69 71 86
70 77
71 81
72 90
73 78
74 75
75 89
76 88
77 78
78 79
79 84
80 82
81 89
82 88
83 84
84 89
85 87
86 90
87 90
88 91
89 91
90 91
91
