62 9 8
0 2 5 8
1 3 4 5
2 2 3 4 5
3 0 1 2 6 7 8
4 1 2 6 7 8
5 1 2
6 8
7 1 2
0 0
1 2 3 1 8 1
2 1 1 1 6 1
3 3 6 1 8 1
4 2 4 1
5 2 8 1
6 1 1 1
7 1 2 1
8 1 1 1 2 1
9 1 2 1 8 1
10 2 2 1
11 3 1 1 2 1
12 1 4 1 7 1
13 4 7 1
14 1 1 2
15 2 3 1
16 2 8 1
17 3 6 1 7 1
18 1 4 1
19 3 4 1 8 1
20 1 5 2
21 1 7 1
22 2 8 1
23 1 5 1 6 1
24 2 2 1
25 4 4 1
26 2 5 1
27 3 2 1 6 1
28 1 1 1 8 1
29 1 1 1 8 1
30 2 2 1 4 1
31 1 5 1
32 1 2 1 7 1
33 3 2 1
34 4 8 1
35 2 5 1 8 1
36 3 3 1
37 1 3 1
38 3 7 1
39 4 5 2
40 3 4 1
41 2 6 1
42 1 2 1 8 1
43 3 8 1
44 4 2 1
45 1 1 1
46 3 1 1
47 2 7 1
48 1 2 1 7 1
49 1 4 1
50 3 8 1
51 2 1 1 8 1
52 1 2 1 5 1
53 2 3 1
54 3 5 1 8 1
55 3 1 1
56 3 6 1
57 5 2 1 5 1
58 2 2 1
59 3 2 1
60 4 0 1 7 1
61 0
0 1 2 3
1 4 5
2 6 9
3 7 8 18
4 10 11 30
5 24 31
6 26 58
7 14 27
8 15 16
9 28 36 42
10 12 42
11 14 23 41
12 13 19 58
13 17 29 37
14 15 25
15 20 39 52
16 29 32
17 40 55
18 23 45
19 21
20 35 44
21 22 51 53
22 33 36 45
23 27 31 37
24 37
25 34 40
26 33
27 29 38
28 47 56
29 43 48
30 42
31 39 57
32 34 48
33 35 55
34 35 54
35 38 60
36 38
37 43 47 60
38 57
39 58 59
40 44
41 43 46 49
42 45 46 55
43 50 53
44 47
45 49
46 48
47 50
48 52
49 54
50 51
51 54
52 53
53 59
54 57
55 56
56 60
57 59
58 61
59 61
60 61
61
