92 12 14
0 5
1 6 7 8
2 3 4 5
3 1 5 6 7 8
4 1 2 6 7 8
5 1
6 6 7 8
7 8
8 2
9 3 4 5
10 1 4 5 9
11 0 1 2 3 4 5 8
12 2 3 4 5
13 7 8
0 0
1 1 2 1 5 1 8 1
2 4 6 1
3 1 7 1 10 1 11 1
4 2 3 1
5 1 3 1 5 1 7 1
6 2 4 2 8 1
7 7 3 1
8 3 4 1 10 1
9 3 6 1 7 1
10 2 4 1
11 1 7 1
12 2 2 1
13 5 5 2 6 1 7 1
14 3 3 1 7 1 11 1
15 1 5 1 7 1 8 1
16 3 5 1
17 2 2 1 8 1
18 3 2 1 7 1 8 2
19 1 1 1 4 1 11 1
20 1 5 1
21 2 3 1 11 1
22 3 7 1
23 3 5 1 7 1 8 1 11 1
24 3 2 1 4 1 7 1
25 2 2 1 3 1
26 1 2 1 3 1 7 1
27 4 3 1 4 1 11 1
28 1 2 1 5 1 8 1
29 4 7 1
30 1 10 1
31 3 2 1 5 1 6 1
32 3 5 2 6 1 11 1
33 3 5 2 10 1 11 1
34 3 0 1 5 1
35 1 8 1 11 1
36 1 2 1 5 1 6 1
37 3 2 1 7 1
38 1 5 2 7 1
39 2 10 1
40 2 6 1
41 3 2 1 4 1
42 2 5 2
43 2 3 1 7 1 8 1
44 2 2 1 5 1 10 2
45 2 3 1 4 1 8 1
46 1 5 2 6 1
47 4 3 1 8 1
48 4 3 1 8 1 11 1
49 3 5 2 8 1
50 1 4 1 9 1
51 6 8 1
52 2 4 2 11 1
53 3 2 1
54 2 5 3 7 1
55 1 3 1 7 1 11 1
56 2 5 1
57 1 2 1 3 1 6 1
58 1 4 1 5 1 7 1 8 1
59 1 7 1 10 1
60 2 4 1 8 1 10 1
61 4 6 1
62 3 2 1 5 1 11 1
63 1 3 1 7 1 8 2
64 3 8 2 10 1
65 2 3 1 8 1
66 1 2 1 4 1 7 1 11 1
67 1 4 1 7 1 8 1 11 1
68 4 3 1 5 1
69 4 3 1 4 1 6 1 8 1
70 3 3 1 7 1 8 1
71 3 5 1
72 3 4 1 8 2
73 3 7 1 8 1 9 1 10 1
74 5 4 1 6 2 8 1
75 1 2 1 8 1
76 4 2 1 3 1 4 1
77 1 2 1 4 1 7 1 11 1
78 1 5 1 6 2 8 1
79 2 4 1 8 1
80 2 4 1 5 1 7 2
81 3 8 3 11 1
82 2 2 1 3 1 6 1 11 1
83 1 5 1 8 1 10 1
84 3 8 1
85 2 5 2 6 1 7 1
86 2 2 1 6 1 7 1 8 1
87 2 5 2 6 2
88 2 10 1
89 2 2 2 4 1 7 1
90 1 4 1 5 1 8 1
91 0
0 1 2 3
1 6 55
2 4 20 41
3 7 10 14
4 5 8 15
5 12 13 21
6 8 16 24
7 11 24 31
8 9 22 25
9 19 26 53
10 39 44 72
11 18 30 59
12 23 35 37
13 36 58 63
14 22 59
15 17 50 74
16 18 29 42
17 19 28 46
18 28 43 80
19 30 40 48
20 38 42 75
21 45 47
22 27 72 89
23 54 63 69
24 38 52 56
25 29 76
26 32
27 34 40 65
28 65 66 71
29 34
30 51
31 46 48 67
32 33 45 84
33 35 62 66
34 85
35 60 72 73
36 47 49 90
37 39 53 67
38 43 63 78
39 48 55 77
40 45 49 56
41 42 44 55
42 49 56 70
43 60 61 67
44 64 68 85
45 64 80
46 51 52 53
47 68
48 52 54 59
49 73
50 54 60 70
51 57 62 89
52 57 69 86
53 64 66 86
54 58
55 58 61
56 69 78
57 70 83
58 62 65 83
59 78
60 68 82
61 79
62 75
63 71
64 87
65 75
66 73
67 71 74 84
68 77
69 82
70 87
71 79
72 81
73 76
74 76 77 81
75 90
76 88
77 79
78 80 84
79 86 88
80 81
81 82
82 83
83 85
84 88
85 87
86 89
87 90
88 91
89 91
90 91
91
