92 15 24
0 1 9
1 3 4 5
2 1
3 3 4 5
4 3 4 5
5 1 2
6 7 8
7 1
8 8
9 1 9
10 1 9
11 1
12 2
13 1
14 1
15 7 8
16 8
17 5
18 6 7 8
19 1
20 1
21 0 1 2
22 1 2 3 4 5 8
23 1
0 0
1 5 3 1 10 1 11 1 13 1
2 4 7 1 8 1 11 1 14 1
3 2 2 2 3 1 4 1
4 2 8 1 13 1
5 2 4 1
6 2 0 1 4 1 5 1 9 1 12 1
7 2 9 1 11 1
8 1 2 1 5 1 9 1
9 1 0 1 8 1 13 1
10 2 8 1 9 1 10 2 13 1
11 3 2 1 8 2
12 2 0 1 2 1 8 1 11 1 12 1 13 1
13 3 12 1
14 3 8 1 12 1
15 1 2 1 3 1 8 1 13 1 14 1
16 2 5 1 10 1 12 1 13 1
17 2 4 1 5 1 8 1
18 1 8 1 10 1 11 1 12 1
19 1 0 1 13 1 14 1
20 2 7 1 8 1 13 1
21 4 0 1
22 4 11 1 13 1
23 2 11 1 13 1
24 6 4 1 5 1 6 1 8 2
25 1 7 2 10 1 11 2 13 1 14 1
26 1 3 1 7 1 8 1 10 1 11 1 12 2
27 2 10 1
28 3 1 1 7 2 8 2 10 1 12 1 13 1
29 2 12 1
30 2 1 1 4 1 7 1 8 1 11 1 12 1
31 2 2 1 5 2 8 1 11 1 13 2
32 4 1 1 3 1 11 3
33 3 1 1 4 1 5 1 8 1 11 1 12 2 13 1
34 4 3 2 4 1 5 1 8 1 10 1 13 1 14 1
35 3 0 1 3 1
36 2 0 1 2 1 4 1 6 1 8 1
37 2 1 1 8 1 13 1 14 1
38 1 3 1 4 1 5 1 8 2 13 2 14 1
39 2 2 1 3 1 12 1
40 2 13 2
41 2 1 1 11 1
42 3 2 1 6 1 8 1 11 1 12 2
43 2 7 1 13 1
44 1 8 1 12 1
45 2 11 1 12 1
46 2 2 1 8 1
47 2 5 1 8 1 9 1 10 1 12 1 14 1
48 1 4 1
49 1 13 1
50 2 1 1 4 1 12 1 13 2 14 1
51 1 6 1 8 1 13 1
52 2 4 1 8 2 10 1 11 1 12 1 13 1 14 1
53 1 1 1 2 1 3 1 8 1 10 1 11 1 12 1
54 3 6 1 9 1
55 3 2 1 4 2 5 1 8 1 10 1 13 1
56 2 11 1
57 3 5 1 10 1
58 3 10 1
59 1 8 1 11 1 12 1
60 4 2 1 3 1 4 1 8 1 12 2
61 4 2 2 5 1 8 2 13 1 14 1
62 1 2 1 7 1 11 2 13 2
63 2 0 1 2 1 4 1 11 1 12 1 13 1
64 1 4 1 12 1
65 2 5 1 8 2 11 1 12 2
66 1 5 1 10 2 13 2 14 1
67 1 2 1 3 1 7 1
68 3 11 1
69 3 1 1 8 1
70 2 2 2 4 1 7 1 8 1 12 1 13 2
71 3 4 1 5 2 11 1 14 1
72 1 10 1 11 1 13 2
73 1 8 1 14 1
74 1 0 1 1 1 2 1 4 1 11 1 12 1 14 1
75 1 5 1 11 1
76 3 8 1
77 2 2 1 5 1
78 1 2 1 7 1 8 3 10 1 12 1 14 1
79 1 3 1 8 2 12 1 13 2
80 2 2 1 5 1 12 3 13 1 14 1
81 3 2 1 5 1 8 1 12 1 13 2
82 1 3 1 4 1 13 2
83 2 3 1 9 1 11 1 13 2
84 1 7 1
85 2 2 1 7 1 8 1 10 1
86 3 2 2 4 1 8 1 9 1 10 1
87 1 3 1 4 1 8 1 10 1
88 2 2 1 8 1 12 1 14 1
89 2 10 1 12 1 13 1
90 2 3 1 11 1 12 1
91 0
0 1 2 3
1 13 15 61
2 4 5 8
3 60
4 6 7 9
5 31 39 87
6 11 31 40
7 12 14 24
8 32 46
9 10 16 21
10 17 19 27
11 14 24
12 29 71
13 18 20 84
14 37 45
15 29 50 58
16 63 75
17 23 25 51
18 26 73
19 22
20 80
21 32 35 43
22 49
23 28 34 41
24 38 53 88
25 65 74
26 27 48
27 30 58
28 53 85
29 33 62
30 38 75
31 38 41
32 37 42 59
33 42 44
34 36
35 82
36 46 70 72
37 71
38 67
39 48 55
40 52 67 81
41 47 62 69
42 49
43 54
44 46 55 73
45 48 68
46 68
47 55 67
48 71
49 79
50 56 65 72
51 57 63
52 70
53 69 78
54 62 68
55 82
56 77 84
57 61 77
58 86
59 60 64
60 76
61 76 90
62 78
63 65 79
64 66
65 83
66 69 74
67 72 78
68 74 76 79
69 89
70 73
71 81
72 90
73 75 89
74 80
75 85
76 84
77 80 83
78 90
79 83
80 81 85
81 82 89
82 88
83 87
84 86
85 86
86 87
87 88
88 91
89 91
90 91
91
