32 12 12
0 1
1 1 9
2 7 8
3 1 4 5 9
4 3 4 5 6 7 8
5 4 5
6 0 1 2 3 4 5
7 1 5
8 1 2 4 5 9
9 2 6 7 8
10 5
11 5
0 0
1 3 4 1 5 1 8 1 10 1
2 1 8 1
3 3 8 2
4 2 5 1 10 1
5 4 5 1
6 3 3 1 10 1
7 3 7 1 11 1
8 2 5 1
9 2 4 1 5 1 7 1 9 1
10 2 8 1 9 1
11 3 7 1
12 3 4 1 5 1 6 1
13 1 3 1 7 1 8 1 10 1
14 2 4 1 10 1
15 1 2 3 5 1
16 1 5 2
17 2 4 1
18 5 5 1
19 1 1 1 8 2 9 1
20 2 5 2 8 2
21 1 0 1
22 3 10 1
23 1 9 1
24 1 2 1 8 1 10 2
25 1 10 1
26 1 4 1 9 1
27 4 5 1 10 1
28 1 4 1
29 2 5 2 8 1
30 2 8 1 9 1
31 0
0 1 2 3
1 4 6 12
2 10
3 5 7 13
4 10 15
5 10 17
6 8 15 18
7 9 11 30
8 19
9 17 18 21
10 24
11 14
12 20 25 26
13 19 20 26
14 19
15 16 22 24
16 23
17 22 25 29
18 23
19 24 25
20 21 27 30
21 28
22 23
23 27
24 29
25 28
26 27 29 30
27 28
28 31
29 31
30 31
31
