32 9 7
0 3 4 5 7 8
1 3 4 5
2 0 1 2
3 1 2
4 3 4 5
5 6 7 8
6 7 8
0 0
1 3 0 1
2 1 5 1
3 3 7 1
4 1 0 1 4 1
5 5 5 1 6 1
6 2 0 1
7 2 4 2
8 2 2 1 4 1
9 1 2 1
10 2 2 1
11 4 2 1
12 2 7 1
13 1 5 1
14 2 5 1
15 3 7 2
16 4 2 1 4 1
17 4 6 1
18 1 1 1 7 1
19 2 6 1
20 3 0 1 1 1
21 3 0 1 3 1
22 5 3 1
23 4 0 1 6 1
24 4 2 1 4 1
25 4 0 1 3 1 8 1
26 2 3 1
27 4 3 1 4 1
28 4 3 1
29 3 1 1
30 2 2 1
31 0
0 1 2 3
1 4 11 15
2 7
3 5 12 21
4 6 9 22
5 8 13 20
6 10 12 16
7 8 13 15
8 23
9 18 24
10 28 30
11 22
12 20
13 14 19 25
14 24 26 27
15 25 30
16 17 19 27
17 20 26 29
18 21
19 23 29
20 24 28
21 23
22 25
23 26
24 30
25 27
26 28
27 29
28 31
29 31
30 31
31
