62 12 12
0 1 2 3 4 5 7 8
1 3 4 5 7 8
2 1 6 7 8
3 6 7 8
4 1 2 9
5 6 7 8
6 1
7 1
8 3 4 5 8
9 6 7 8
10 0 1 2 6 7 8
11 1
0 0
1 3 7 1 8 2 11 1
2 3 8 1
3 1 8 1
4 3 6 1
5 3 7 1
6 1 5 1
7 1 8 1 11 1
8 3 6 1 8 3
9 2 5 1 10 1
10 1 7 1 8 1 10 1
11 2 5 1 6 2
12 1 6 2
13 4 6 2 10 1
14 2 0 1 5 1 10 1 11 1
15 2 4 1
16 1 11 1
17 2 1 1 5 1 6 1
18 3 0 1 11 1
19 1 2 1 10 1 11 1
20 3 2 1 3 1 11 1
21 1 4 1 7 1
22 1 8 1 11 1
23 1 6 1 8 1
24 3 7 1 9 1 11 1
25 2 8 1 11 1
26 4 3 1 6 1 8 1
27 3 3 1 4 1
28 5 8 1
29 4 2 1 5 1 6 1 7 1
30 4 10 2
31 3 2 1 6 1 7 1
32 4 3 1 6 1 8 1
33 3 8 1 10 1
34 3 7 2 9 1
35 4 8 1 10 1 11 1
36 1 7 1 8 1 10 1
37 1 0 1 4 1 7 1
38 2 8 2 10 1 11 1
39 1 6 2
40 1 7 1
41 2 3 1 8 2
42 2 5 1 8 1 11 1
43 1 8 1
44 3 4 1 7 1 8 1 10 1
45 1 7 1 8 1
46 1 3 1 6 1 8 1
47 3 2 1 4 1 6 1 7 1
48 1 6 1 7 1 8 1
49 3 0 1 6 1 8 2
50 1 6 1 8 1 10 1 11 1
51 3 7 1 11 1
52 1 5 1 6 1 10 2
53 2 1 1 2 1
54 2 7 1 9 1 11 1
55 1 3 1 6 1 7 2
56 4 8 2
57 3 6 1 7 1 8 1 11 1
58 1 3 1 6 1 10 1 11 1
59 3 4 1 10 1
60 3 3 1 6 1 7 1 11 1
61 0
0 1 2 3
1 4 6 7
2 12 13 39
3 8 41
4 5 13 31
5 8 18 30
6 9 14 16
7 40 45 49
8 34
9 10 11 15
10 17 22 36
11 19 21 23
12 21 29 38
13 19 34
14 17 30 34
15 17 26 28
16 20 33 40
17 20
18 26 32 52
19 46 58
20 25 27 39
21 27 35 40
22 25 42 44
23 24 54
24 27 30 36
25 35 54
26 37 38 44
27 43
28 42 56 59
29 32 37
30 33 44 48
31 35 38 39
32 36 53
33 52
34 45 51 55
35 37 43
36 46 47 48
37 47 50
38 41 45 53
39 41 52
40 47 60
41 42 54 59
42 49
43 48 49 51
44 46 53
45 60
46 60
47 51 57
48 50
49 50
50 57
51 58
52 56 59
53 55
54 55
55 56
56 57
57 58
58 61
59 61
60 61
61
