92 15 18
0 3 4 5
1 6 7 8
2 2
3 1 6 7 8
4 6 7 8
5 0 1 2 3 4 5
6 1
7 1 2 9
8 1 9
9 1
10 2 7 8
11 3 4 5
12 3 4 5
13 1 9
14 1
15 1
16 4 5 8
17 5
0 0
1 1 2 1 8 1 12 1
2 4 5 1 6 1 10 1
3 1 3 1 6 1 8 1 10 1 11 2
4 5 2 1 11 1
5 2 1 1 4 1 8 1 9 1 11 1
6 2 5 1 8 1 10 2
7 1 4 1 9 1 10 1 11 1 12 1 13 1
8 2 4 2 7 1 10 1
9 2 4 1 5 1 7 1 11 1
10 3 8 1
11 1 4 1 9 1
12 3 3 1 6 1
13 1 2 1 5 1 6 1 10 1 12 1
14 1 3 1 5 1 6 1 9 1 11 1 13 1
15 1 4 1 8 1 9 1
16 1 5 2 12 1
17 2 4 1 6 1 8 1 10 1
18 1 5 1 14 1
19 2 2 1 3 1 4 1 5 1
20 3 2 1 5 1 13 1
21 1 13 1
22 2 3 1 8 1 9 1 11 2 13 1
23 1 5 1
24 1 2 2 7 1 8 2 9 1
25 2 2 1 5 1 8 1 10 1 11 2
26 1 2 1 3 1 4 1 11 1
27 2 2 1 3 1 4 1 8 1 11 1
28 2 4 1 6 1 11 1
29 1 2 1 8 1 11 1
30 5 4 1 8 1 10 1
31 1 2 2 5 1 9 1 11 2
32 2 5 1 8 1 9 1 11 2
33 3 2 1 5 1 8 1 9 1 10 1 11 1
34 4 3 1 5 2 11 3
35 2 10 1
36 1 7 1 10 1
37 3 2 1 3 1 10 1
38 3 2 1 5 1 12 1
39 1 9 1 11 1 12 1
40 3 2 2 6 1 8 1 11 2
41 2 4 2 9 1
42 2 4 1 9 1 12 1
43 3 3 1 4 1 6 1 8 1 11 1
44 1 8 2 11 1 12 1
45 1 2 1
46 5 4 2 8 1 11 1 12 1
47 3 4 1 7 1 10 1
48 3 9 1 11 1
49 3 2 1 4 1 8 1 10 1
50 3 8 1 10 1 11 1
51 3 2 1 11 1 12 1
52 3 3 1 5 1 10 1
53 2 2 1 3 2 7 1 9 1
54 1 2 1 5 1 11 1
55 1 6 1
56 2 2 1 6 1 8 1 9 1
57 3 7 1 13 1
58 2 8 2 10 2
59 2 2 1 8 3 11 1
60 2 2 1 4 2 5 2
61 2 8 1 11 1 13 1
62 2 7 1 10 1 11 2
63 2 5 1 7 1 13 1
64 2 1 1 4 1 8 1 11 1
65 4 2 1 4 1 7 2 10 1
66 1 2 1 4 1 10 1 11 2
67 1 4 1 6 1 7 1 10 1 11 1 12 1
68 2 0 1 4 1 5 1
69 2 6 1
70 3 4 2 11 2
71 3 2 1 4 1 5 2 8 1
72 2 2 1
73 1 6 1 11 2
74 1 3 1 4 1 7 2 11 1 12 1
75 2 2 1 3 1 4 1 8 1 10 2
76 1 8 1 13 1
77 2 2 1
78 4 7 1 11 1
79 1 6 1 13 1
80 3 2 1 4 2 10 1 11 1
81 1 5 1 8 1 11 1
82 3 2 1 5 1 6 1 10 1 11 2
83 2 7 1 10 1
84 2 2 1 3 1 6 1
85 2 2 1 4 1 10 1 11 1 12 1
86 2 2 1 5 1 10 1 11 1 12 1
87 3 2 1 5 1 7 1 8 1
88 1 5 2 8 1 11 1
89 2 1 1 7 1 8 1 9 2 13 1
90 3 3 1 4 1 8 1 10 2 13 1
91 0
0 1 2 3
1 13 20 41
2 4 7 68
3 6 8 53
4 5 10 14
5 15 18 23
6 25 27
7 9 85
8 56
9 11 12 19
10 17
11 88
12 32
13 16 21 37
14 22 24
15 16
16 63 81
17 66
18 26 31
19 38 47
20 89
21 29
22 50
23 35 36
24 42
25 28 43 77
26 48 72
27 30 78
28 39 45 60
29 44 66
30 71
31 33 40 86
32 46 65 67
33 34 57
34 58
35 63
36 55 62
37 83
38 49
39 79
40 46 54
41 55
42 76
43 80
44 60
45 52
46 73
47 70
48 71
49 50
50 51
51 65
52 59 61 83
53 87
54 55
55 71
56 78
57 74
58 72
59 82
60 64 69 74
61 63
62 78
63 70
64 84
65 77
66 74
67 70 75
68 82
69 75 80
70 86
71 73 82
72 76 77
73 80
74 84
75 87
76 81 89
77 79
78 79
79 89
80 84
81 83
82 88 90
83 87
84 88
85 86
86 90
87 90
88 91
89 91
90 91
91
