62 15 20
0 1 3 4 5
1 1
2 4 5
3 5
4 1
5 7 8
6 1
7 8
8 7 8
9 1
10 1 2 3 4 5 9
11 1
12 0 1 2 5 8
13 5
14 1 9
15 3 4 5
16 1
17 2
18 6 7 8
19 7 8
0 0
1 3 7 1 8 2 13 1
2 4 6 1
3 2 5 2
4 3 4 1 5 1 11 1
5 7 5 1 7 1 13 1
6 2 11 1 13 1
7 1 7 1 8 1 12 1
8 1 3 1 6 1 8 1 10 1
9 3 3 1 5 1 8 1
10 3 2 1 4 1 5 1 8 1 11 1
11 2 9 1
12 4 11 1 12 1
13 2 4 1 6 1 11 2
14 2 2 1 5 2 12 1
15 1 9 1 11 2
16 3 3 1 5 1 8 1 9 1 10 1
17 4 4 1 5 1 10 1 13 1
18 3 3 1 5 1 8 1
19 3 3 1 5 2 7 1 11 2
20 2 5 1 7 1
21 4 4 1 8 2 10 2 13 1
22 2 4 1 12 1
23 2 3 1 11 1 12 2 13 1
24 1 5 2 8 1 11 1
25 1 2 2 8 1 12 1 13 1
26 4 3 1 12 1 13 2
27 1 5 2
28 5 4 1 8 1 12 1 13 1
29 6 2 1 3 1 5 1 8 1 12 1 13 1
30 3 5 1 7 1 13 2
31 4 1 1 3 1 5 1 7 1 8 1 11 1
32 4 11 1
33 2 2 1
34 3 7 2 8 1
35 2 5 1 9 1 11 2 12 1 13 1
36 3 1 1 2 1
37 4 2 1 3 2 11 1 13 1
38 1 5 1 11 1 12 1
39 3 5 2 13 1
40 2 2 1 4 1 7 1 13 1
41 2 4 1 5 2
42 2 0 1 4 1 5 1 8 2 11 1
43 4 2 1 4 1 8 2 10 1 13 1
44 6 2 1 5 1 8 1 11 3
45 2 5 1 7 2 8 1 11 1 13 1
46 5 7 2 9 1 11 1
47 3 11 1
48 1 10 2
49 3 2 1 5 2 10 1
50 5 5 1 10 1 11 1 12 1 13 1
51 1 5 1 11 2 14 1
52 3 0 1 5 1 10 1 12 1
53 4 4 1 6 1
54 3 4 1 8 1 13 1
55 1 13 1
56 3 3 1 5 1 8 1 13 2
57 3 8 1 11 1 13 1
58 2 2 1 7 1 11 1 13 3
59 3 5 1 12 1 13 1
60 2 1 1 5 1 8 1 10 1 12 1 13 1
61 0
0 1 2 3
1 7 19 23
2 5 8 14
3 4
4 10 11 28
5 6
6 24
7 18
8 9
9 13 15 59
10 12
11 16 38
12 22 37 46
13 22
14 30 47
15 17 21 32
16 26 40 42
17 28
18 51 57
19 20
20 25
21 60
22 50
23 33 38 42
24 34 35
25 29 31 36
26 27
27 44 45
28 54
29 33
30 36 39 44
31 39 43 49
32 56
33 47
34 41
35 41
36 38 52
37 41
38 48
39 46
40 51
41 44
42 54
43 56
44 57
45 56
46 50
47 51
48 55
49 53 54 58
50 52
51 53
52 60
53 55
54 55
55 60
56 58
57 58
58 61
59 61
60 61
61
