32 9 10
0 1 2 5 7 8
1 1 2
2 5 6 7 8
3 6 7 8
4 3 4 5 6 7 8
5 3 4 5
6 6 7 8
7 0 1 2
8 2 4 5
9 4 5
0 0
1 3 3 1
2 2 4 1 5 1 6 1
3 4 2 1 4 1 7 1
4 1 7 1
5 3 4 2 5 1
6 5 6 1
7 4 1 1 8 1
8 2 4 1 6 2
9 4 6 1
10 2 1 1 5 1
11 2 6 1
12 5 6 1
13 1 1 1 2 1 6 1
14 2 4 1
15 4 1 1 6 1
16 1 1 1
17 2 3 1 4 1 7 1
18 1 2 2 7 1
19 3 7 1
20 6 3 1 7 2
21 4 6 1
22 2 7 1
23 3 1 1 7 1
24 2 1 1 5 1
25 3 5 1 6 1 7 1
26 5 0 1
27 3 1 1
28 2 3 1
29 2 7 2
30 1 6 1 7 1
31 0
0 1 2 3
1 5 15 16
2 4 11 22
3 10 12 21
4 6 7 8
5 24
6 13 26 28
7 9
8 14
9 17 20
10 15
11 16 17
12 28
13 14 19 21
14 16
15 18
16 23
17 26
18 25
19 20
20 29
21 23
22 24
23 24
24 30
25 28 30
26 27
27 29
28 31
29 31
30 31
31
