62 12 14
0 1
1 0 1 2
2 5
3 7 8
4 1 2
5 1 5 6 7 8 9
6 1 2
7 1 9
8 2 3 4 5 7 8
9 1 3 4 5 8 9
10 1 9
11 1 5
12 3 4 5
13 4 5
0 0
1 1 2 1
2 4 1 1
3 2 5 2
4 1 2 1 3 1 4 1 10 1
5 4 10 1
6 2 4 1 7 1 8 1 10 1
7 2 6 1 9 1
8 3 1 1 10 1
9 3 1 1 3 1 9 1 10 1
10 4 1 1 2 1 5 1 7 1
11 2 4 1 5 1 8 1 10 1
12 2 2 1 10 1
13 1 3 1 8 1
14 1 5 1 10 1
15 3 10 1
16 3 1 1 3 1 5 1 10 1
17 4 9 1
18 3 1 1 3 1 5 1 9 1
19 1 4 1 9 1
20 1 2 1 7 1
21 2 5 1
22 1 2 1 5 1 10 1
23 1 1 1 3 1 10 1
24 1 1 1 5 1 10 1
25 1 5 1 10 1
26 3 8 1
27 3 0 1 2 1 4 1
28 2 2 1 3 1 9 1 10 1
29 4 1 1 3 1 5 1
30 2 0 1 10 1
31 1 1 1 5 2
32 2 1 1 8 1
33 4 0 1 2 1 10 1 11 1
34 3 2 1 10 1
35 2 4 1 10 1
36 3 5 1 7 1 8 1
37 4 5 1
38 3 1 1 2 1 5 1 10 1
39 2 0 1 2 1 7 1
40 2 5 1
41 3 8 1 9 2
42 3 2 1 10 1
43 1 2 1 9 1
44 5 0 1 1 1 10 2
45 3 2 1 3 1 5 1 10 1
46 2 7 1 8 1 10 1
47 3 9 1
48 3 5 1 7 1 9 1 10 1
49 3 1 1 4 1 5 1 8 1
50 1 1 1 5 1
51 1 0 1 7 1 10 1
52 4 8 1
53 2 7 1
54 3 1 2 8 1 10 1
55 1 1 1 5 1 10 1
56 1 1 1 8 1
57 3 5 2
58 2 9 1
59 1 2 1
60 1 7 1 8 1 9 1 10 1
61 0
0 1 2 3
1 4 33 38
2 5 28 32
3 7 8 24
4 6 10 20
5 24 29
6 25 31 35
7 11 12 22
8 9 13 18
9 26 27
10 15 19 28
11 14 16 23
12 20 34 44
13 35 50
14 17 34 43
15 22
16 21 47 52
17 30 38 42
18 20 21 27
19 21 39 46
20 49
21 36 42 58
22 25 30 37
23 33 40 57
24 26 30 38
25 26 41 49
26 43 54
27 29 34 46
28 36 40
29 31 50
30 48 57
31 49
32 45
33 35 41 43
34 39 42 48
35 36 51 55
36 53
37 40 55
38 39 44 55
39 54 59
40 41 44 47
41 53 56
42 50 57
43 45 47
44 45 48
45 46 51
46 58
47 60
48 52 53
49 52
50 51
51 56
52 54
53 60
54 58
55 56 59
56 60
57 59
58 61
59 61
60 61
61
