32 15 22
0 1 3 4 5
1 7 8
2 1 7 8
3 1
4 1 9
5 1
6 3 4 5
7 1
8 1
9 0 1 2
10 1 9
11 5
12 1
13 1 2
14 1
15 6 7 8
16 1
17 1
18 1 2 7 8
19 1 3 4 5
20 1 2
21 1
0 0
1 2 0 1 7 1 9 1 10 1
2 2 2 2 5 1 10 1 12 1
3 1 2 1 5 1 7 1 10 1 13 1 14 1
4 2 8 1 10 1
5 1 5 1
6 3 2 1 3 1 5 1 9 1 10 2 14 1
7 3 13 1
8 1 1 1 9 1 10 1 11 1 13 1
9 4 13 1
10 2 2 1 8 1
11 4 4 1 11 1 13 1
12 3 1 2 9 1 10 1 13 1
13 1 3 1 8 1
14 3 0 1 1 1 2 2 4 1 5 1 13 1
15 2 11 2 13 3
16 4 1 2 4 1 8 1 11 1 12 1 13 1
17 2 5 3 10 1
18 1 7 1 13 1
19 2 3 1 11 2 14 1
20 2 2 1 10 1
21 2 5 2 10 1 12 1 13 1
22 3 2 1 5 1 10 1 13 1
23 4 0 1 5 1 7 1 10 1 11 1
24 1 4 1 8 1 11 1 13 1 14 1
25 2 0 1 4 1 7 1 11 1 13 1
26 2 0 1 11 1
27 2 11 1 13 1 14 1
28 2 2 1 5 1 7 1 13 1
29 2 4 1 5 1 6 1 8 1 10 1 11 1 13 1 14 1
30 3 3 2 11 1 12 1
31 0
0 1 2 3
1 4 6 7
2 13 16 17
3 14 17 27
4 5 9 26
5 16 18 24
6 17 26 29
7 8 12 13
8 10 11 20
9 10 21 27
10 19 23
11 15 16 23
12 14 15 23
13 14 15 18
14 25 28
15 19 26 29
16 21 22 29
17 18 20 24
18 19
19 22 25
20 21 22
21 25 28
22 30
23 24
24 28
25 30
26 27
27 30
28 31
29 31
30 31
31
