62 12 18
0 1
1 3 4 5
2 0 1 2 5
3 4 5
4 3 4 5
5 3 4 5 6 7 8
6 4 5
7 3 4 5
8 8
9 8
10 3 4 5
11 1 5 9
12 7 8
13 1 2
14 2
15 1
16 8
17 1 2
0 0
1 3 5 1 8 2
2 3 8 1
3 3 2 1 3 1 5 1
4 7 2 1 8 1 11 1
5 3 3 1 4 1 5 2 8 1 11 1
6 1 4 2 8 1
7 5 2 1 8 1
8 3 3 1 8 1
9 3 1 1 4 2 5 1 9 1
10 3 3 1 5 1
11 5 3 1 7 1 11 1
12 2 4 1 5 1
13 4 2 1 4 2 5 2
14 2 5 1 7 1
15 2 11 1
16 2 1 1 4 1 5 2 8 1
17 2 4 1
18 3 1 1 5 1 8 2
19 1 3 1 5 1 7 1 10 1
20 2 5 1
21 7 0 1 2 1 4 1 5 1 11 2
22 4 4 1 8 1
23 2 2 1 5 2 11 1
24 2 4 1
25 3 3 1 7 1 8 2 11 1
26 4 5 1 8 1
27 1 8 1
28 4 8 1
29 2 1 1 5 1 8 1 11 1
30 3 5 2 11 1
31 3 0 1 2 1 4 1 5 1 7 1 8 1
32 4 2 1 5 2 8 1 11 2
33 2 1 1 3 1 5 1 7 1 11 1
34 1 1 1 5 1 8 2 11 1
35 3 2 1 3 1 4 2 8 2
36 2 2 1
37 2 4 1 5 1 8 2 11 1
38 4 11 1
39 1 8 1 9 1
40 5 4 1 5 1
41 3 4 1 6 1 10 1
42 5 1 1
43 3 1 2 4 1 7 1 8 1 11 1
44 4 3 1 7 1 8 1
45 2 4 1
46 2 1 1 5 1 11 2
47 1 5 1
48 4 2 1 4 1 5 1 8 1
49 3 4 1 8 1 10 1
50 1 1 1 3 1 8 2 10 1 11 1
51 3 5 1 8 1 10 1 11 1
52 2 5 1 8 1
53 1 3 1
54 3 3 1 5 3 8 1
55 3 1 1 3 1 5 2 8 1 11 1
56 2 1 1 3 1 4 1 5 1 8 1
57 2 2 1 5 1
58 1 7 1 8 1
59 4 2 1 4 2 7 1 8 1 11 1
60 3 5 2
61 0
0 1 2 3
1 4 5 16
2 9 10 14
3 6 12 17
4 23 48
5 7 20 42
6 8 13 19
7 11 43 47
8 55
9 26
10 30 36
11 25 28
12 15
13 48
14 18
15 24 39 60
16 27
17 21 31
18 22 57
19 33
20 54
21 26 29 32
22 35 44
23 42 50
24 40
25 34
26 28
27 52
28 38
29 56
30 51 58
31 41
32 47
33 36 50
34 51
35 37 43
36 49
37 51
38 53
39 44
40 53
41 48
42 45
43 46
44 55
45 46 52
46 59
47 49 50
48 49 55
49 59
50 57
51 60
52 57
53 58
54 56 59
55 56
56 58
57 60
58 61
59 61
60 61
61
