62 12 18
0 6 7 8
1 1
2 5 7 8
3 1 2
4 8
5 1 2
6 2
7 5
8 3 4 5
9 1
10 4 5 7 8
11 8
12 1 2
13 1 6 7 8 9
14 1 2 3 4 5
15 0 1 2 9
16 8
17 8
0 0
1 1 2 1 7 1 8 1 9 1 10 1
2 1 8 3 9 1
3 2 2 1 5 1 8 2 10 1
4 1 5 3 7 1
5 1 8 3
6 3 1 1 2 2 5 1 8 1
7 1 2 1 5 1 8 2
8 2 0 1 3 1 5 1
9 3 2 2 10 1
10 3 1 1 5 2 9 1
11 5 1 1 2 1 10 1
12 2 2 1
13 2 3 1
14 1 5 1 8 2 9 1
15 3 2 1 5 1 11 1
16 2 2 1 8 2
17 4 1 1 2 1 7 1 8 1 10 1
18 1 8 1 10 2
19 6 4 1 5 1
20 1 4 1 8 1
21 2 2 2 8 3
22 2 2 1 7 1 10 3
23 5 2 2 8 2
24 2 1 1 2 1 5 1 8 1
25 3 10 1
26 4 2 1 5 1 7 1 10 1
27 2 1 1 2 2 5 1 8 2
28 2 8 3
29 1 5 1
30 1 1 1 7 1 10 1
31 2 2 1 4 1 8 1
32 3 2 1 3 1 10 1
33 3 2 2 5 1 6 1 8 1 10 1
34 1 8 1
35 2 2 1 4 1
36 2 2 1 4 1 5 1 6 1 10 1
37 1 2 2 5 2 7 1
38 2 5 1 8 1
39 2 1 1 2 1 6 1 8 1
40 5 2 1 3 1 10 2
41 1 1 1
42 3 1 1 2 1 5 1 6 1 8 1
43 2 1 1
44 2 2 2 7 1
45 2 2 1 6 1 7 1 8 1
46 2 2 1 5 1 8 1
47 2 8 1
48 2 9 1
49 2 2 3 5 1 8 1 10 1
50 1 2 1
51 1 1 1 2 1 8 1 10 2
52 2 2 1 5 1 8 1 10 2
53 2 1 1 2 1 4 1 5 1 6 1 10 1
54 2 7 1
55 2 2 1 4 1
56 2 2 1 3 1 10 1
57 2 2 2 8 1 10 1
58 1 2 1
59 1 1 1 5 1 6 1 8 2 10 1
60 1 2 2 3 1 8 1 10 2
61 0
0 1 2 3
1 4 10 40
2 5 12 13
3 6 26 34
4 8 16 33
5 9 23
6 7 17 43
7 29
8 19 41
9 11
10 46
11 18 19 24
12 28 53
13 14 15 35
14 21 22 36
15 48
16 20 25 27
17 25 31 52
18 36 52
19 34 57
20 38 41 42
21 55
22 26
23 30
24 41 46 51
25 36 39 44
26 39 50
27 28
28 37
29 33 45 56
30 32
31 33 40 49
32 40 46
33 37 38 55
34 37 56
35 43 44
36 47
37 58
38 59
39 47 51
40 45 54
41 55
42 45 57
43 53
44 48 49 54
45 47
46 50
47 48
48 53
49 51 58
50 52 54
51 56
52 57
53 60
54 58
55 59 60
56 60
57 59
58 61
59 61
60 61
61
