32 12 9
0 5
1 8
2 1
3 1 9
4 0 1 2 3 4 5
5 1 6 7 8
6 5 8
7 1 2
8 3 4 5
0 0
1 3 1 1 5 1 8 1
2 3 9 1 10 1
3 2 10 1
4 3 0 1 7 1
5 3 5 1 9 1
6 4 3 1 6 1 8 1
7 3 1 1 6 1
8 3 2 1
9 2 10 1
10 3 5 1 9 1 10 1
11 2 5 1 6 1
12 3 2 1 7 1 8 1
13 2 7 1 8 1 11 1
14 4 5 1
15 2 5 1 9 1
16 4 7 1 8 1
17 5 7 1 10 1
18 1 5 1
19 2 5 1 7 1
20 3 5 1 8 1
21 4 2 1 10 1
22 3 1 1 9 1
23 1 5 1 8 1
24 1 1 1 5 1 10 1
25 2 8 1
26 4 5 1 10 1
27 1 5 1 7 1 8 1
28 1 4 1 10 1
29 1 10 1
30 1 4 1 10 1
31 0
0 1 2 3
1 7 26
2 4 5 6
3 8 11 18
4 7 8 22
5 10 19
6 19 24
7 9 13 20
8 9 20
9 12 14 27
10 11 14 16
11 23
12 15 17
13 15 28 29
14 15
15 30
16 21
17 29
18 19 24 25
19 27 28
20 29
21 22 23
22 30
23 24 25 28
24 26
25 26
26 27
27 30
28 31
29 31
30 31
31
