62 9 13
0 5
1 0 1 2 3 4 5
2 5 6 7 8
3 2
4 7 8
5 6 7 8
6 3 4 5
7 3 4 5
8 4 5
9 6 7 8
10 2
11 2
12 7 8
0 0
1 3 2 1 3 2 7 1
2 2 2 1 4 1
3 1 5 1 8 1
4 2 2 1 3 1 5 1 6 1
5 4 2 1 3 1 5 1 6 1
6 2 3 1 4 1 7 1
7 2 2 1 5 1 7 2
8 2 2 1 3 1 5 1 7 1
9 3 4 2
10 1 6 1 7 1
11 2 5 1
12 2 2 1 4 1
13 5 4 1 5 1 7 1
14 4 2 1 3 1 6 1 7 1
15 2 2 1
16 1 5 2
17 2 5 1 6 1 7 2
18 2 1 1 4 1
19 2 4 1 7 2
20 6 5 1 6 1
21 3 2 1 5 1 6 1 7 1
22 2 2 1 4 1 5 1 6 1
23 2 2 2 5 1 6 1
24 2 2 1 5 2
25 2 5 2 6 1
26 3 2 1 5 1
27 3 2 1 4 1
28 4 3 1
29 2 2 1 5 1 7 1
30 1 6 1
31 1 2 1 5 1
32 2 5 1 6 1 7 1
33 1 2 1
34 2 4 1
35 2 4 1 7 1
36 1 2 1
37 2 2 1 4 1 7 1
38 4 0 1 4 1 7 2
39 2 2 1 7 2
40 3 2 1 4 1 7 1
41 3 5 1
42 3 5 1
43 1 4 1
44 3 2 1 5 1
45 2 5 1 6 1
46 2 4 2 7 1
47 3 5 1
48 2 2 1
49 3 4 1 5 1 7 1
50 6 5 1 7 1
51 3 2 2 4 1 5 1
52 2 2 2 6 2
53 2 2 1
54 3 5 1 6 2 7 1
55 2 2 2 3 1 7 1
56 3 4 1
57 2 2 1 4 1 6 1 7 1
58 6 5 1
59 2 2 1 4 1 5 1
60 4 3 1 7 1
61 0
0 1 2 3
1 17 59
2 4 9 44
3 5 7 10
4 6 23
5 11 45
6 13 19
7 8 15
8 12 17 19
9 18
10 16 27 56
11 21 42 44
12 23 48 52
13 14 20 36
14 26
15 40
16 17 33
17 29 38 57
18 22 28
19 24 46
20 37 46 55
21 31 39 48
22 30 43 45
23 25 41
24 35 36
25 28 40 49
26 32 34 53
27 47
28 29 56
29 60
30 32 38
31 50
32 47 60
33 38 54
34 47
35 45
36 41 51
37 43
38 42
39 40 43 46
40 54 58
41 49
42 52 53
43 51
44 52 53 57
45 56 58
46 49
47 48 50
48 51
49 50
50 54
51 57
52 55
53 55
54 59
55 60
56 59
57 58
58 61
59 61
60 61
61
