92 12 19
0 2
1 1 2
2 7 8
3 3 4 5
4 1 4 5 6 7 8 9
5 8
6 1 2
7 1 9
8 1
9 1 9
10 0 1 2
11 1
12 1
13 7 8
14 1 3 4 5
15 2 4 5
16 1 9
17 8
18 2
0 0
1 4 2 1 10 3
2 1 2 1
3 2 2 1 8 1 9 1 10 1 11 1
4 3 2 1 4 1 8 1 11 1
5 2 2 1 8 3 10 2
6 3 1 1 5 1 7 1 10 1 11 1
7 2 2 2 4 2 8 1 10 1
8 1 2 1
9 1 0 1 3 1 5 1 7 1 8 2
10 1 1 1 8 2 10 3
11 3 1 1 6 1 9 1 10 1
12 3 1 1 8 1
13 6 2 1 8 1 9 2 10 1
14 3 1 1 3 1 5 1
15 1 2 1 3 1 8 2 9 1
16 1 1 1 8 1
17 4 2 1 10 1
18 2 4 1 7 1 8 1 10 1
19 4 5 1 8 2
20 1 1 1 8 1 10 1
21 2 2 2 5 1 10 2
22 2 2 2 8 2 10 1 11 1
23 5 2 2 4 1 5 1 8 1 10 1
24 2 1 1 2 1 3 1 7 1 8 1 10 1
25 1 2 1 9 1
26 3 2 1 8 1 10 1
27 2 2 1 4 1 8 1 9 1 10 2
28 4 3 1 9 1
29 1 8 1
30 1 1 1
31 3 3 1 8 1
32 2 0 1 2 1 7 1
33 3 2 1 3 1 7 1 8 1 10 2
34 1 2 1 4 1 7 1 10 1 11 1
35 2 1 2 8 1 10 2
36 2 1 1 2 1 7 1
37 2 2 1 5 1 8 1 11 1
38 1 8 1
39 3 2 1 7 1 10 2
40 3 2 1 6 1 9 1
41 3 2 1 3 1 4 1 7 1 9 1 11 1
42 4 10 2
43 2 0 1 8 1 10 1
44 4 6 1 10 1
45 3 4 1
46 2 1 1 2 2 10 2
47 3 4 1 9 1
48 2 1 1 4 1 8 1 9 1 10 1
49 2 4 1
50 2 1 1 2 1 4 1 8 1 10 1
51 2 1 2 8 2 10 2
52 3 0 1 11 1
53 2 3 1 9 2 10 1
54 5 2 1 4 1 7 1 9 1
55 4 2 2 6 1 8 3
56 3 2 2 5 1 7 1 8 1 11 1
57 2 5 1 8 1 9 1 10 1
58 4 2 1 5 1 8 3 10 1
59 3 3 1 8 1 9 1 11 1
60 1 2 2
61 3 0 1 4 1 7 1
62 1 2 1 8 1
63 3 5 1 7 1 8 1 9 1 10 1
64 5 10 1
65 4 1 1 5 1 8 2 10 1
66 1 8 1 10 2
67 1 2 1 4 1 7 1 8 1 10 1
68 2 4 1 5 1 10 1
69 2 3 1 4 1 7 1 9 1 10 1
70 6 1 1 7 1
71 1 1 1 8 1 10 2
72 2 1 1 8 1 10 1
73 4 2 1 8 1
74 1 8 1
75 3 2 1 10 1
76 3 10 1
77 2 10 1
78 2 2 2 3 1 8 1 10 1
79 1 1 1 5 1 8 1 10 1 11 1
80 1 1 1 8 1 10 1
81 3 11 1
82 2 11 1
83 1 2 1
84 5 1 1 2 2 5 1 7 1 8 1
85 1 0 1 2 1 5 1 7 1 10 1
86 4 7 1
87 1 2 3 8 1 10 1
88 2 2 2 9 1 10 1
89 2 2 1 4 1 8 2 11 1
90 3 2 2 7 1 8 1
91 0
0 1 2 3
1 5 7 13
2 16 29 37
3 4 8 14
4 5 6 21
5 9 10 15
6 12 43
7 11 29
8 51 52 66
9 19
10 18 20 32
11 32 43 82
12 28 33 72
13 23 24 30
14 34 57 65
15 17 24 49
16 31 64 79
17 22 53 74
18 45 54 56
19 50
20 25 65 66
21 22 38 60
22 27 33 71
23 26 27 35
24 33 35 40
25 29 57
26 36 72 76
27 78
28 32 38 48
29 35 47 69
30 42 46 50
31 34 39 77
32 77 83
33 55 77 85
34 43 48 75
35 42 44
36 49 52
37 51 55 57
38 62 73 89
39 41 45 46
40 75 81
41 50 59 60
42 52 74 87
43 47 58
44 56 61 68
45 47 48 59
46 59 61 69
47 88
48 49 66
49 55 70
50 61 67
51 56 63 82
52 53 58
53 64
54 71 84 85
55 58
56 64 72 87
57 62 69
58 86
59 63 73
60 63
61 70
62 71 80
63 65 74 76
64 75
65 67 68
66 67 68
67 84
68 88
69 70 78
70 73
71 76 79
72 79 80
73 82 83
74 80
75 78 89
76 81
77 84
78 90
79 81
80 85
81 83 88
82 86
83 86
84 87
85 90
86 90
87 89
88 91
89 91
90 91
91
