62 9 10
0 5 7 8
1 0 1 2 8
2 1 2 8
3 2 6 7 8
4 3 4 5 6 7 8
5 7 8
6 3 4 5 6 7 8
7 5
8 3 4 5
9 3 4 5
0 0
1 1 1 1 7 1
2 7 4 1
3 2 4 1 6 1 7 1
4 3 5 1
5 4 5 1 6 1
6 5 0 1 7 2
7 2 7 1
8 1 3 1 6 1
9 3 4 2 5 1
10 4 5 1
11 2 2 1 5 1 6 1
12 2 7 1
13 4 4 1
14 1 5 1 7 1
15 1 5 1 7 1
16 2 7 1
17 2 5 1
18 2 2 1 4 1 7 1
19 2 7 1
20 6 1 1 3 1 5 1
21 1 4 1 7 1
22 2 5 1
23 2 0 1 7 1
24 4 3 1 6 1
25 4 2 1 4 1
26 1 7 1
27 2 5 1 7 1
28 1 3 1
29 4 2 1 4 1
30 1 1 1 7 1
31 1 5 2
32 4 5 2 6 1
33 3 5 1 7 1
34 6 0 1 7 1
35 3 4 1
36 2 3 1 5 1 7 1
37 2 2 1 6 1 7 1
38 4 2 2 4 1
39 5 7 1 8 1
40 4 0 1 2 1
41 1 7 1
42 2 1 1 2 1
43 1 5 2
44 5 3 1 7 2
45 2 5 1
46 1 5 1
47 2 3 1 5 1 7 1
48 2 2 1
49 1 5 1 7 2
50 5 5 1
51 2 2 1 4 1
52 5 5 1
53 7 1 1 3 1 4 1
54 5 6 1
55 4 7 1
56 2 7 1
57 2 3 1
58 4 1 1 3 1
59 3 2 1 5 1 7 1
60 3 4 2 5 1
61 0
0 1 2 3
1 5 7 10
2 36 40 42
3 4 8 22
4 28 31 58
5 6 9 17
6 12 23 56
7 11 23
8 13 18
9 15 24 27
10 12 30 31
11 18 51 52
12 14 20 41
13 16 21 25
14 25 29 32
15 19 37 49
16 32 38 49
17 20 21
18 28 31 33
19 29 38 50
20 35 48 53
21 59
22 27 30 33
23 33 35 37
24 26 29 48
25 35 36 46
26 28 30 47
27 36 39 47
28 43 46
29 45 57
30 32 38 58
31 34 40 53
32 37 43
33 44
34 41
35 39
36 48 60
37 39 40 46
38 45 51 56
39 42 51
40 44 50
41 42 43 57
42 54
43 44
44 45
45 54
46 53
47 50 52
48 58
49 52 55
50 55
51 54 55
52 56
53 59
54 60
55 57
56 60
57 59
58 61
59 61
60 61
61
