32 12 13
0 4 5
1 1 3 4 5 9
2 1 8 9
3 1 2 8 9
4 1 4 5
5 1 2
6 2
7 6 7 8
8 0 1 2 9
9 5
10 6 7 8
11 1 2
12 1
0 0
1 2 2 1 10 1
2 1 2 1 6 1 10 1
3 2 2 1
4 5 5 1
5 2 2 2 5 2
6 3 5 1
7 2 8 1
8 2 1 1 8 1
9 3 1 2 5 1
10 3 9 1
11 3 7 1
12 6 5 1
13 7 3 1
14 5 8 1
15 1 9 1 11 1
16 1 5 2
17 2 1 1 6 1 7 1
18 3 2 1 5 1 9 1
19 5 9 1
20 2 5 1
21 2 1 1 3 1 6 1 8 1
22 6 2 1 9 1 10 2
23 3 9 1
24 2 2 1 5 1 10 1
25 3 2 1 4 1 5 1 6 1
26 3 1 1 5 1
27 3 0 1 4 1 6 1
28 4 3 1 5 1
29 3 2 2 5 1 6 1
30 1 7 1
31 0
0 1 2 3
1 4 9 10
2 4 7 14
3 6
4 5 15 17
5 27
6 11 14 19
7 8 16 23
8 13 29
9 12 22
10 28
11 13 15 25
12 18
13 24
14 16 20
15 22 23
16 21 28
17 19 21 26
18 19 25 27
19 29
20 21 22 26
21 25 30
22 28
23 24
24 26 27
25 29
26 30
27 30
28 31
29 31
30 31
31
