62 15 17
0 1 2
1 1 7 8
2 3 4 5
3 1 4 5
4 1 9
5 6 7 8
6 1 9
7 8
8 1 6 7 8
9 8
10 0 1 2 8
11 1 3 4 5
12 1
13 1 4 5 6 7 8
14 1 5 9
15 2 7 8
16 1
0 0
1 1 10 1
2 3 1 1 9 1
3 3 6 1 7 1 10 1 14 1
4 3 1 1 4 1 7 1 12 1 13 1
5 2 1 1 6 1
6 3 1 1 6 1 8 1 9 1 10 1
7 2 11 1
8 1 4 1 8 1 12 1 13 1
9 2 1 1 4 1 6 1 8 1 12 1
10 4 5 1 11 2
11 3 3 1 4 1 7 1
12 5 1 1 4 1 7 1 8 1 14 1
13 3 6 1
14 2 0 1 4 1 8 1 9 1 11 1
15 3 2 1 10 1
16 1 0 1 7 1
17 1 2 1 3 1 9 1
18 2 2 1 4 1 5 1 13 2
19 1 7 2 8 1 11 1
20 1 5 1 8 1 9 2 11 1
21 4 2 1 3 1 5 1 14 1
22 3 2 1 6 2 8 1
23 1 8 2 11 1
24 2 6 1 8 1
25 1 3 2 6 1
26 1 8 1 14 1
27 1 2 1 8 1 14 1
28 4 3 1
29 2 7 1 11 1 12 1 13 1
30 2 3 2 5 1 10 1 11 1
31 2 8 3 11 1 13 1
32 2 4 1 8 2
33 1 2 1 7 1 9 1
34 1 0 1 8 1 10 1 14 1
35 2 5 1 8 3 14 1
36 2 1 1 8 2
37 2 7 1 8 2 10 1 11 1
38 2 2 1 6 1 7 2 8 1
39 1 7 1 10 1 14 1
40 2 5 1 7 1 8 1 12 1 14 1
41 4 5 1
42 3 7 1 8 2 13 1
43 2 5 1 6 1 7 1 8 1 13 1
44 2 9 1 13 1
45 2 0 1 2 1
46 4 12 1
47 2 5 1 9 2
48 6 1 1 8 1 14 1
49 1 4 1 5 1 12 1
50 2 2 1 9 1
51 3 10 1
52 2 7 1 8 1 12 1 14 1
53 4 5 1 8 1
54 4 2 1
55 3 7 1 8 2 14 1
56 2 5 2 11 1
57 3 2 1 8 1 11 1 13 1
58 2 11 1
59 4 0 1 8 1 11 1
60 2 1 1 2 1 8 1
61 0
0 1 2 3
1 11 19 58
2 8 9 31
3 4 5 6
4 15 18 28
5 13 18 33
6 7 12 17
7 10
8 27 43 48
9 14 25 26
10 20 29 41
11 30
12 14 23 40
13 16 54 56
14 19 32 36
15 21 26 38
16 24 35 36
17 18 22 23
18 26 36 54
19 33 37
20 24 27 46
21 24 41 47
22 30 39 48
23 27
24 40 42 52
25 34 45 47
26 30 43 51
27 33 39 53
28 34 39 47
29 31 35 53
30 32 34
31 32 49
32 46 60
33 42 57
34 44 46
35 37 44
36 38 44 59
37 38 42 43
38 57
39 45 50
40 58
41 45 48
42 55
43 52 55
44 50
45 49 51
46 55
47 49 53
48 50 51
49 54
50 52
51 56
52 57
53 56 58
54 60
55 59
56 59
57 60
58 61
59 61
60 61
61
