92 12 17
0 6 7 8
1 1 2
2 1 2 9
3 4 5 6 7 8
4 1 2
5 1
6 1 3 4 5 9
7 1 5 7 8
8 3 4 5
9 3 4 5
10 6 7 8
11 5
12 1 9
13 1 9
14 1 4 5
15 0 1 2 3 4 5
16 8
0 0
1 4 0 1 1 1 4 1 7 1
2 2 5 1 6 1 11 1
3 6 2 2 6 1 8 2
4 3 1 1 4 1 5 1 8 1 9 1
5 2 5 1 7 1
6 2 4 1 5 1 6 1 7 1 11 1
7 1 2 1 4 1 5 1 9 1 10 1
8 2 1 1 4 1 6 1 10 1
9 3 1 1 8 1
10 1 9 1
11 2 8 1
12 4 1 2 9 1 10 1
13 3 2 1 11 1
14 1 5 2 6 1 9 1 11 1
15 3 2 1 3 1 5 1 9 2
16 1 1 1
17 5 10 1
18 2 1 1 7 1 8 1 9 1
19 5 5 1 6 1
20 5 1 1 4 1 5 1 6 1 9 1
21 4 3 1
22 2 0 1 4 1 7 1
23 4 1 1 5 1 7 1
24 3 1 1 9 1
25 2 2 1 5 1 11 1
26 1 2 3 5 1 8 1
27 1 5 1 10 1
28 1 1 1 3 1 5 1 10 1
29 2 3 1 4 1 9 1
30 5 7 2 9 1
31 2 1 1 4 1
32 4 4 1
33 1 4 1
34 3 3 1 5 1 9 1 10 1
35 1 2 1 6 1 10 1 11 1
36 2 5 1 6 1 10 2
37 2 1 1 5 1 9 1 11 1
38 1 1 1
39 1 9 1
40 3 3 1 5 1 9 1
41 4 1 2 3 1 5 2
42 3 5 1 8 1
43 1 7 1
44 1 0 1 5 1 6 1
45 2 5 1
46 2 3 2 8 1
47 2 5 1 6 1 7 1 10 2
48 2 2 3
49 1 3 1 5 2 11 1
50 3 1 1 8 1
51 4 1 1 2 1 9 1 10 1
52 1 1 1 2 1 5 1 8 1 10 1
53 4 9 1 10 1
54 2 4 1 6 1 8 1
55 2 8 1 9 1
56 1 10 1
57 1 2 1 5 3 9 1
58 3 3 1 5 1
59 3 7 1 11 1
60 3 4 1 6 1 9 1 11 1
61 3 2 1 5 2 11 1
62 4 2 1 5 1 7 1 8 1 11 1
63 3 1 1 5 1 8 1 10 1
64 4 5 2 8 1
65 6 2 1 9 1 11 1
66 3 3 1 5 1 6 1
67 5 3 1 10 2 11 1
68 3 3 1
69 2 4 2 9 2
70 5 4 1 5 1 6 1
71 4 4 1
72 1 1 1 2 1 4 1 5 1 7 1
73 2 2 1 6 1 10 1 11 1
74 4 7 1 10 1
75 2 2 2 3 1 7 1 11 1
76 2 2 1 5 1 7 1 9 1
77 3 5 1
78 3 3 2 8 1 10 1
79 1 5 1 6 1
80 4 2 1 3 1
81 3 9 1
82 3 1 1 5 1 9 1
83 1 5 1 7 1 11 1
84 3 2 3 6 1
85 4 0 1 2 1 4 1
86 2 4 1 5 1 6 1 11 1
87 3 9 1
88 4 10 1 11 1
89 8 10 1 11 1
90 2 7 3
91 0
0 1 2 3
1 4 16 32
2 5 67
3 26 28 46
4 7 10 11
5 6 8 9
6 20
7 17 38 41
8 21 23 27
9 18 42 74
10 12 13 15
11 14 19 22
12 33
13 18 29 40
14 37
15 24 34 47
16 39 48 88
17 30
18 25 41
19 37 52
20 57 61
21 49 84
22 30 56
23 28
24 31 35
25 36 55 85
26 86
27 54 66
28 29 71 72
29 63
30 40
31 51 75 76
32 79
33 83
34 44
35 43 64 76
36 49 53 71
37 87
38 42 43 45
39 47 68
40 63 69
41 53
42 46
43 52 62
44 46
45 47 50
46 69 75
47 59 60 80
48 50 70
49 62 65 73
50 54 58 64
51 57 68 72
52 68
53 90
54 57 75
55 65 77
56 62 71 89
57 77 80
58 82 86
59 64 69
60 73 82
61 63 74
62 79
63 70
64 72
65 79
66 74
67 83
68 78 81
69 70 81
70 78
71 83
72 73
73 77 89
74 76 78
75 80
76 87
77 81
78 82
79 88
80 84 85
81 86
82 84 85
83 87
84 90
85 89
86 90
87 88
88 91
89 91
90 91
91
