92 12 9
0 0 1 2 3 4 5
1 1
2 7 8
3 1 3 4 5
4 1 6 7 8
5 8
6 1 2 9
7 1 5 9
8 6 7 8
0 0
1 3 8 1
2 3 2 1
3 1 2 1 8 1 11 1
4 1 10 1
5 3 8 1 9 1
6 2 10 1 11 1
7 2 1 1 8 1 9 1
8 3 5 1 7 1
9 3 5 1
10 2 8 1
11 1 3 1 7 1 11 1
12 3 8 1 10 1 11 1
13 2 1 1 5 1
14 4 10 1
15 4 10 1
16 1 5 1 7 1
17 1 11 1
18 2 8 2 10 1
19 1 5 1 6 1 10 1
20 2 8 1 11 1
21 1 2 1 7 2
22 4 3 1 5 1 8 1
23 2 8 1
24 1 8 1 10 1 11 1
25 2 2 1 3 1 11 1
26 2 8 1 11 1
27 3 2 1
28 1 5 1 8 2
29 2 8 1
30 2 8 1
31 1 4 1 8 1 11 1
32 1 4 1 7 1
33 3 8 1
34 1 8 1
35 2 5 2 11 1
36 5 8 1
37 3 9 1
38 4 6 1 7 1
39 1 8 1
40 2 6 1 8 1
41 1 9 2 10 1
42 2 7 1 10 1
43 5 9 1
44 2 8 1
45 2 8 1
46 2 4 1 8 1
47 2 8 1 10 1
48 3 8 1
49 3 7 1 10 1
50 4 2 1 10 1
51 2 2 1 8 1 11 1
52 1 2 1 4 1 10 1
53 2 7 1 8 1 9 1
54 2 5 1 11 1
55 1 1 1
56 2 6 1
57 2 11 1
58 2 3 1 7 1 8 1
59 1 1 1 8 1 9 1
60 1 2 1 8 1
61 5 8 1 9 1
62 2 7 1
63 1 8 1 9 1
64 3 9 1
65 1 3 1 8 1
66 1 5 1 8 1
67 1 5 1 10 2
68 2 8 1 11 1
69 2 10 1 11 1
70 2 0 1 3 1 8 1
71 2 8 1
72 3 1 1 5 1 9 1
73 1 4 1 10 1
74 1 5 1 10 1
75 1 0 1
76 3 5 1
77 2 5 2 9 1
78 2 7 1
79 1 9 1
80 2 5 1 9 1 11 1
81 2 8 1 9 1
82 1 4 1 8 1
83 3 8 1
84 2 1 1 11 1
85 1 9 1
86 1 8 1
87 1 5 1 7 1 8 1
88 2 7 1 8 1
89 2 2 1 8 2
90 2 3 1
91 0
0 1 2 3
1 4 12 25
2 26 39 64
3 8 20 36
4 5 6 28
5 38 41
6 7 11 66
7 13 14 19
8 9 10 22
9 17 86
10 15 16 18
11 43 51 62
12 34 47
13 69
14 24 27 59
15 80
16 17 29 44
17 42 62
18 23 47 53
19 48 64
20 21 25 40
21 41 56
22 48
23 31 55
24 33 61 80
25 32 35 37
26 65
27 45 57
28 30 32 37
29 62
30 58 71
31 52
32 70 72 73
33 46 57 71
34 44
35 44 50 61
36 43 47 79
37 38 45 88
38 69
39 40
40 48 53 63
41 66 68 74
42 72
43 67
44 59 67
45 49 61
46 50 85
47 57
48 49 50 68
49 77
50 54
51 81
52 83
53 72
54 60 82
55 74
56 81
57 76
58 75
59 78 89
60 67 70 79
61 68
62 78 85
63 76
64 74 84
65 85
66 69 70
67 75
68 77
69 89
70 76 86
71 82 84
72 75 77
73 84 87
74 78 80
75 83
76 89
77 79
78 90
79 83
80 81 82
81 87
82 88
83 87
84 86
85 88
86 90
87 90
88 91
89 91
90 91
91
