32 15 22
0 1 8 9
1 1
2 1 9
3 1 3 4 5 7 8
4 6 7 8
5 0 1 2
6 6 7 8
7 1
8 2
9 1
10 1 3 4 5 6 7 8
11 1
12 4 5
13 1 7 8
14 1
15 3 4 5
16 1 9
17 1
18 5
19 1
20 1
21 1
0 0
1 4 10 1
2 3 3 1 9 1 10 1 11 1 12 1 13 1
3 1 5 1 8 1
4 1 4 1
5 3 2 1 3 1 5 1 11 2
6 2 6 1 13 1
7 3 7 1 11 1 13 1
8 2 7 1 8 1 13 1
9 1 1 1 4 1 7 1 14 1
10 4 2 1 9 2 11 1 12 1 13 2
11 5 0 1 5 1 11 1 13 1
12 3 2 1 4 1 5 1 6 1 9 1
13 5 2 1 11 1
14 4 7 2 11 1 12 1
15 1 8 1 12 1
16 2 5 1
17 2 5 1 7 1 10 1 11 1 13 2
18 3 3 1 10 1 11 1
19 2 5 1 7 1 13 1
20 3 0 1 4 1 10 1 11 1 13 1
21 3 4 1 5 1 7 1 8 1 11 1 13 1
22 2 1 1 5 1 9 1 11 1 13 1
23 3 2 1 8 1 10 1 11 1
24 2 2 1 4 1 11 2
25 3 3 1 5 1 7 1 8 1 11 1 13 1
26 3 7 1 12 1
27 2 0 1 5 1 6 1 10 1
28 2 2 1 3 1 5 1 10 2 11 1
29 4 2 1 5 1 7 1 8 1 10 2 13 1
30 2 11 1
31 0
0 1 2 3
1 24
2 4 5 12
3 8 13 14
4 6 7 15
5 30
6 10 16 27
7 11 17 29
8 9 26
9 11 16
10 13
11 23
12 29
13 20 21 25
14 19
15 18
16 20
17 22
18 30
19 21
20 24
21 28
22 26
23 24 30
24 28
25 26
26 28
27 29
28 31
29 31
30 31
31
