32 15 15
0 1 3 4 5
1 1
2 1
3 3 4 5
4 4 5
5 1 3 4 5 9
6 7 8
7 1
8 1
9 1 2 5
10 0 1 2
11 2 4 5
12 1 6 7 8
13 1 5 6 7 8 9
14 8
0 0
1 1 10 1
2 3 4 1 10 2
3 2 13 1
4 3 8 2 10 1
5 2 2 1 7 1 11 1
6 4 1 1 13 2
7 2 11 1 14 1
8 2 2 1 5 2 10 1 13 1
9 3 4 1
10 2 11 1
11 2 5 2
12 1 2 2
13 3 4 1 11 1 14 1
14 2 0 1 4 1 5 2 7 1
15 3 2 1 8 1 10 1 13 1 14 1
16 1 4 2 8 2 14 1
17 2 4 1 5 1 6 1 11 1 12 1
18 1 10 1
19 4 4 1 10 1 11 1
20 2 0 1 11 1
21 2 2 1 5 1
22 3 5 1 7 1 12 1 13 1
23 5 3 1 5 1 7 1 10 1 13 1
24 3 2 1
25 1 4 1 11 2 13 1
26 3 8 1 9 1 10 1 14 1
27 2 7 1 10 1 11 1
28 3 1 1 4 1 5 1 11 1 12 1
29 2 4 1 5 2 10 1 11 1
30 1 3 1 5 2 8 1 10 1
31 0
0 1 2 3
1 11 15 25
2 7 12 21
3 4 5 11
4 13 17 21
5 6 7
6 12 17 21
7 8 9 18
8 10 13 14
9 14 19 22
10 16 24
11 12 16 18
12 13 19 29
13 23
14 20 24
15 18 20
16 17 22
17 20 23 26
18 19 22 27
19 23 28
20 30
21 25 27
22 26
23 30
24 25 27
25 26 28 29
26 30
27 28 29
28 31
29 31
30 31
31
