62 9 19
0 8
1 7 8
2 0 1 2 8
3 1 2
4 2
5 6 7 8
6 5
7 3 4 5
8 7 8
9 5 6 7 8
10 4 5
11 7 8
12 8
13 8
14 3 4 5 6 7 8
15 3 4 5
16 1 2 4 5 6 7 8
17 3 4 5
18 8
0 0
1 3 5 1
2 3 3 1 7 1
3 1 7 1
4 2 4 1 5 1 6 1 7 1 8 2
5 1 5 1 7 1
6 2 6 1
7 2 4 1
8 3 0 1 2 1 5 1
9 2 2 1 7 3 8 1
10 2 2 1 7 1 8 3
11 2 1 1 5 2 8 1
12 1 2 1 8 1
13 3 2 1 5 1 6 2 7 1
14 2 2 1 5 1
15 5 5 2 7 1
16 4 3 1 5 1 7 1 8 3
17 1 0 1
18 1 2 2 5 2 6 1 8 1
19 1 3 1 5 1 7 1
20 2 2 1 5 1
21 1 5 1
22 1 2 1 4 1 6 1 7 1 8 1
23 1 7 3
24 3 4 1 5 1 7 1 8 1
25 2 2 2 7 1
26 2 2 1 3 1 4 1 5 1 6 1 8 1
27 2 0 1 2 1 3 1 5 2 7 1
28 1 7 1
29 2 2 1 5 1 8 1
30 3 2 2 3 1 7 1 8 2
31 1 0 1 6 1 7 2
32 3 4 1 7 2
33 2 1 1 7 1
34 3 1 1 3 1 4 2 5 1 8 1
35 3 0 1 8 1
36 1 5 1
37 2 4 1 7 1
38 3 4 2 5 2 8 1
39 4 4 1
40 2 1 1 2 1 7 1 8 1
41 2 0 1 3 1 5 2 6 1 8 1
42 2 0 1 5 1 8 1
43 3 7 1
44 3 4 1 5 1 7 1
45 2 5 1 7 2 8 1
46 2 2 1 3 1 8 1
47 2 8 2
48 3 4 1 5 1 6 1
49 1 5 2 6 1
50 3 2 1 3 1 4 1 7 1
51 1 2 2 5 1 7 1
52 3 1 1 3 1 6 1 7 1
53 1 2 1 3 1 5 1 7 3
54 4 5 2 7 1
55 3 4 1 5 1 7 2 8 2
56 2 5 1 6 1 8 1
57 1 2 1 6 1 8 1
58 1 3 1 7 1
59 1 1 1 5 1 7 1
60 1 3 1 7 1 8 2
61 0
0 1 2 3
1 7 8 27
2 5 12 18
3 4 49
4 6 11 23
5 10 47 60
6 25 32
7 13 16 26
8 9 14 29
9 22
10 20 31 39
11 17
12 35
13 56
14 15 21 46
15 45
16 24
17 51
18 19 46
19 37 50
20 27 42
21 31 33 36
22 52
23 48
24 35 38
25 40 52
26 28
27 38
28 60
29 30
30 34
31 54
32 41 44
33 43
34 42 47
35 50
36 58
37 45
38 53 59
39 45
40 41
41 55
42 55
43 44
44 47 54
45 54
46 52
47 48 50
48 51
49 57
50 56
51 55
52 59
53 56
54 58
55 59
56 58
57 60
58 61
59 61
60 61
61
