62 9 9
0 7 8
1 3 4 5
2 7 8
3 1 2 4 5 8
4 2 3 4 5
5 0 1 2 5 6 7 8
6 4 5 8
7 6 7 8
8 1 2
0 0
1 3 4 1 5 1 7 1
2 2 3 1 6 1 7 1
3 2 7 2
4 1 5 1 7 1
5 2 3 1 5 1 7 1
6 3 2 1 4 1
7 3 0 1
8 1 4 1 7 1 8 1
9 5 4 1
10 3 1 1 4 1
11 2 5 1
12 3 4 2 7 1
13 2 0 1 4 1 7 1
14 3 5 1 7 2
15 3 4 1
16 1 1 1 3 1 7 1
17 1 5 1
18 1 7 2
19 1 0 1 1 1 7 1
20 1 6 1 7 1
21 2 4 1 7 2
22 1 5 1 7 2
23 2 4 2 7 1
24 1 6 1 7 1
25 1 6 1
26 1 5 1 7 1
27 1 3 1 7 2
28 3 7 1
29 1 1 1 5 1 7 1
30 1 3 1 6 1
31 1 1 1 4 2
32 2 0 1 1 1 5 1
33 5 0 1 4 1 7 1
34 2 7 1
35 3 4 1
36 1 2 1 7 1
37 1 4 2 7 1
38 5 4 2 6 1
39 3 7 1
40 1 7 2
41 2 2 1 7 2
42 3 0 1 2 1 4 1
43 2 5 1 7 1
44 2 4 1 7 2
45 3 5 1
46 3 0 1 7 2
47 2 6 1 7 1
48 1 2 2
49 1 4 1 5 1 7 1
50 2 5 2
51 1 3 1 7 1
52 5 4 1 7 1
53 2 5 1
54 2 5 1
55 2 7 1
56 4 5 1 7 1
57 2 4 1 5 1
58 4 5 1 7 1
59 2 7 1
60 4 4 1 7 2
61 0
0 1 2 3
1 4 5 6
2 10 22 52
3 26 33 51
4 9 20 24
5 8 14 37
6 7
7 11 13
8 12 16 52
9 18 26 44
10 15
11 23 28 48
12 43 47 60
13 15 17 22
14 21
15 19 30 40
16 23 33 38
17 53
18 38
19 27 28 45
20 35
21 22 32
22 31
23 40 50
24 25
25 29 33 42
26 47
27 37 41 46
28 34 39
29 36 37 56
30 49 57
31 41
32 35
33 43 53 55
34 59
35 41
36 39 49
37 39 50
38 45
39 44 55
40 47
41 51
42 43 45 48
43 50
44 58
45 46 51 54
46 59
47 49
48 52 57
49 54
50 54
51 53 57 58
52 55
53 56
54 58
55 59
56 60
57 60
58 61
59 61
60 61
61
