92 15 26
0 1
1 1 2 9
2 3 4 5
3 1 9
4 1
5 1 3 4 5 8
6 1
7 1
8 8
9 0 1 2
10 1 7 8
11 1
12 1 2
13 1
14 3 4 5
15 7 8
16 1
17 5
18 1
19 3 4 5
20 1
21 1
22 6 7 8
23 1 9
24 2 6 7 8
25 3 4 5
0 0
1 2 5 1
2 3 7 1 9 1 11 1 13 2
3 2 5 2 8 2 10 1 11 2 13 1
4 6 5 1 7 1 11 2 12 1
5 7 8 2 11 4 14 1
6 3 5 1 11 1
7 5 1 1 3 1 10 1 12 1
8 1 5 1 6 1 8 1 10 1 13 1
9 3 0 1 8 1 10 1 11 2 14 1
10 6 10 1 11 3 14 1
11 2 5 1 13 1 14 1
12 3 11 2
13 2 8 2 11 3
14 3 11 1 13 1
15 1 7 1 11 1
16 1 1 1 2 1 4 1 8 1 11 1 14 1
17 2 3 1 8 1 9 1 10 2 13 1
18 4 6 1 8 1 11 1 13 1
19 2 4 1 8 1 11 1
20 4 0 1 3 1 9 1 11 2 12 1 13 1
21 1 2 1 4 1 6 1 7 1 10 1 11 2 12 1
22 2 3 1 6 1 11 1 12 1
23 3 11 1
24 2 5 1 13 1 14 1
25 3 10 1 11 1
26 5 5 1 7 2 8 1 10 1 14 2
27 3 4 2 11 1 12 2 13 1
28 4 5 1 8 2 9 1 12 1 14 1
29 4 1 1 3 1 5 1 9 1 11 2 14 1
30 1 9 1
31 4 1 1 4 1 7 2 14 1
32 1 2 1 6 1 14 1
33 2 2 1 5 1 6 1 8 2 10 1 12 1
34 3 2 1 11 2
35 4 2 1 4 1 10 1 11 1 13 1
36 5 4 1 7 2 10 1
37 4 2 1 3 1 7 1 8 1 9 1 10 1 11 1 13 1
38 2 8 1
39 3 4 1 6 1 8 2 10 2 14 1
40 3 5 1 10 2 11 2 12 1 14 1
41 3 2 1 5 1 8 1 14 1
42 4 0 1 3 1 10 2 11 1 13 1 14 1
43 2 1 1 5 1 8 1 11 1 13 1 14 1
44 1 0 1 5 1 6 1 11 1 13 1 14 2
45 1 1 1 9 1 11 1
46 2 13 1
47 3 5 2 8 1
48 5 5 1 9 1 10 1 11 1 14 1
49 3 7 1 8 2 10 1 14 1
50 1 3 2 6 1 7 2
51 5 11 1 12 1
52 4 7 1 8 1 11 1
53 3 5 1 7 1 13 2 14 1
54 1 5 1 11 1
55 2 5 1 7 1 12 1 13 1 14 1
56 2 3 1 8 2 11 4 12 1
57 1 10 2 13 1 14 1
58 5 4 2 8 4 11 2
59 3 3 1 5 1 6 1 10 2
60 1 8 1 9 1 11 3 12 1
61 3 3 2 4 1 8 1 11 2 14 1
62 2 2 1 4 1 14 1
63 2 3 1 8 1 10 2 13 1 14 1
64 3 4 1 11 1 12 1
65 1 5 1 6 1 7 2 10 1 13 1
66 3 0 1 3 1 4 1 8 1 10 2 12 1 13 1
67 3 10 2 11 1
68 2 5 3 10 1 12 1
69 2 2 1 3 1 5 1 7 2 12 1 14 1
70 1 2 1 4 1 7 2 10 1 11 1 14 1
71 3 5 1 10 1 13 1
72 1 0 1 4 1 8 2 10 2 11 1 13 1
73 2 11 1 14 1
74 1 1 1 10 1
75 2 1 1 4 2 8 1 10 1 12 1
76 3 1 1 2 1 3 1 11 1 13 1
77 3 4 1 12 1 13 1 14 1
78 2 2 1 10 1 11 1
79 2 1 1 2 1 3 1 5 1 11 2 12 1 13 1
80 1 2 1 4 1 8 1 10 1 11 1 14 1
81 4 4 1 8 1 10 1 11 3 13 1
82 1 2 1 10 1 11 3 14 1
83 6 8 1 11 1 13 1
84 4 1 2 5 1 12 1
85 6 2 1 3 1 6 1 12 2 13 1 14 1
86 4 1 1 4 1 11 2 13 1 14 1
87 3 8 1 12 1 13 1
88 3 5 1 7 1 8 1 10 1
89 3 6 1
90 2 8 1 11 1 13 1
91 0
0 1 2 3
1 30
2 4 6 21
3 34 37 79
4 5 10 12
5 7 8 11
6 14
7 26 36 42
8 9 80
9 16 19 32
10 16 18 22
11 60
12 13 18 47
13 48 53
14 15 17 20
15 39 54
16 59
17 23 26 27
18 35
19 28 77
20 46 49
21 44
22 24 25 81
23 40
24 29 62
25 33 41 56
26 51 72 76
27 45 74
28 38 70 90
29 31 71
30 69
31 78
32 76
33 43
34 46 53
35 57
36 86
37 42
38 65 86
39 52 82
40 84
41 68
42 61
43 55
44 60 83
45 69
46 76
47 66
48 50 58
49 62
50 66
51 67
52 73
53 74
54 55
55 59
56 57
57 63 67
58 61
59 63
60 70
61 64
62 63
63 70
64 67
65 78
66 68
67 75
68 90
69 77 85
70 75
71 90
72 87
73 83
74 83
75 85
76 81
77 79
78 84 88
79 86
80 85
81 89
82 87
83 84
84 89
85 87 89
86 88
87 88
88 91
89 91
90 91
91
