62 9 10
0 4 5 6 7 8
1 1 2 8
2 1 2 4 5 6 7 8
3 0 1 2 7 8
4 5 6 7 8
5 3 4 5
6 2 7 8
7 4 5
8 7 8
9 7 8
0 0
1 2 2 1
2 1 2 1 4 1 7 1
3 4 4 1 5 1
4 2 1 1 7 2
5 1 5 2
6 4 7 1 8 1
7 1 2 2 3 1
8 1 7 1
9 2 2 1 3 1 7 1
10 1 7 1
11 3 4 2 6 1
12 4 2 1
13 2 3 1
14 3 1 1 2 2
15 5 4 1 5 1
16 4 1 1
17 2 4 1
18 5 0 1 6 1 7 1
19 2 6 1
20 1 1 1
21 3 7 1
22 1 1 1
23 1 1 1 5 1
24 2 1 1 5 1 7 1
25 4 4 1 7 2
26 2 4 1 5 1 7 1
27 2 4 1 6 1 7 1
28 2 2 1 5 1
29 1 5 2
30 6 2 1 7 2
31 3 4 1 5 1
32 1 3 1 5 1 7 1
33 1 5 1 6 1 7 1
34 2 2 1 4 1 7 1
35 2 4 1
36 3 2 1 3 1 7 1
37 2 1 1 5 1 7 1
38 2 2 1
39 3 3 1
40 2 1 1 2 1
41 6 2 1 4 1 5 1
42 1 4 1
43 4 5 1 7 1
44 2 1 1 5 2
45 3 5 1
46 2 1 1 5 1 7 1
47 4 5 1 6 1 7 1
48 1 4 1 5 1 7 1
49 4 2 1 7 1
50 2 1 1 6 1 7 1
51 5 4 1 6 1 7 1
52 4 2 1 4 1
53 2 1 1 7 1
54 1 2 1 7 2
55 2 2 1 6 1
56 1 3 1 6 1
57 4 5 1 7 1
58 2 5 1 6 1 7 1
59 2 7 1
60 3 0 1 5 1 7 1
61 0
0 1 2 3
1 5 20
2 4 6 7
3 8 9 12
4 17 46 60
5 11 13 15
6 26 36
7 10 20 33
8 24 34 39
9 18 21 28
10 14 34 44
11 16 19 22
12 21 37 51
13 24 39 51
14 25 38 40
15 25 26 53
16 30 33 47
17 18 27 32
18 26 43 44
19 53
20 23 24 36
21 22 23 30
22 25 33 43
23 29 38 46
24 29 30 45
25 48 50 56
26 29 31 52
27 31
28 35 41 45
29 40 50 57
30 49
31 37 39 54
32 38 40 44
33 34 48 56
34 36 45
35 37 46 53
36 42
37 55
38 41 42
39 42 59
40 49
41 43
42 49
43 47 48
44 58
45 50 52
46 47 54
47 56
48 57
49 58
50 55
51 52 60
52 54 55
53 60
54 57
55 59
56 58
57 59
58 61
59 61
60 61
61
