92 12 23
0 6 7 8
1 1
2 2
3 1 9
4 6 7 8
5 6 7 8
6 8
7 3 4 5
8 1
9 5
10 1 6 7 8 9
11 0 1 2 3 4 5 8 9
12 5 8
13 6 7 8
14 1 2
15 3 4 5
16 7 8
17 7 8
18 1 9
19 3 4 5
20 4 5
21 6 7 8
22 8
0 0
1 3 5 1 7 1 8 1 10 1
2 4 6 1 8 1
3 2 7 2 8 1 10 1
4 4 2 1 5 3 6 1
5 3 5 2 8 1
6 1 2 1 5 1 7 1
7 2 3 1 4 1 5 1 7 1 8 2 10 1
8 3 2 1 6 2 8 3
9 2 10 1
10 2 3 1 5 1 7 1 10 1
11 2 2 2 5 1 7 1 8 2 10 1
12 1 7 1 10 1
13 3 5 1 6 1 8 1 9 1 10 1
14 6 1 1 5 1 6 1 8 2 9 1
15 1 2 1 3 1 5 2 6 1 7 2 11 1
16 2 5 1 8 1 10 1
17 2 5 2 8 1
18 1 4 1 5 3 7 1 8 2
19 2 2 1 3 1
20 1 2 1 4 1 7 1 10 1
21 2 8 1 10 1
22 2 7 1 10 2
23 3 1 1 3 1
24 2 2 1 3 1 5 1 7 2 8 1
25 2 4 1 6 2 7 1 8 3
26 3 4 1 8 1
27 1 8 1
28 3 1 1 3 1 4 1 5 1
29 1 5 1
30 4 7 1 8 1
31 2 1 1 5 1 8 2 9 1
32 1 2 1 5 1 7 1 8 1 10 1
33 2 2 1 4 1 5 1 8 2
34 1 5 1 8 1
35 2 2 1 3 1 5 1 6 1 7 1 8 1 10 1
36 2 2 1 3 1 8 1
37 1 2 1 3 1 4 2 5 1 8 2
38 2 5 1 6 1 8 1 9 1 10 2
39 2 2 1 5 1 10 1
40 4 1 1 10 1
41 2 2 1 3 1 5 3 10 1
42 1 2 1 5 1 6 1 7 1 8 1
43 1 2 2 5 1 8 1 10 3
44 4 5 1 8 3 10 1
45 2 3 1 7 1 8 1
46 1 2 1 4 1 5 1 8 1 10 2
47 2 7 1
48 2 1 1 4 2 7 1 9 1
49 1 3 1 5 2 10 1
50 1 6 1 8 2
51 1 1 1 2 1 3 1 4 1
52 3 3 1 6 2 7 1 8 1 9 1 10 1
53 3 4 1 5 1 7 1 8 1
54 3 8 1
55 2 5 1 10 2
56 2 2 1 6 1
57 1 2 1 4 1 6 1 7 1 9 1
58 2 5 1 6 1 7 2 10 3
59 3 5 1 7 1 8 2 10 1
60 2 5 1 6 1 7 1 9 2 10 1
61 2 6 1 7 1
62 1 8 2
63 2 2 1 5 1 7 1
64 3 7 2
65 1 2 2 7 1 10 1
66 2 2 1 4 1 5 1 6 1 7 1
67 1 3 1 5 1 7 1 8 1
68 2 1 1 5 1 7 2 8 1 10 2
69 2 2 1 4 1 5 2 6 1 7 1 10 1
70 3 4 1 7 1 8 1 9 1
71 2 8 1 10 1
72 1 5 2 6 1 7 1 8 1 10 1
73 2 2 1 5 1 7 1
74 1 2 1 5 1 6 1 7 1 8 1 10 1
75 2 5 1 6 1 7 3
76 3 7 2 9 1
77 2 5 3 6 2 8 2
78 4 0 1 4 1 6 1 8 2 10 2
79 2 5 1 9 1
80 2 5 1 6 1
81 1 5 2 8 1 10 1
82 2 6 1 7 1 8 1
83 2 2 1 3 1 5 1 8 1 9 1 10 2
84 1 4 1 5 2 6 1 7 1 8 1
85 1 2 1 6 1 7 1 9 1
86 2 1 1 2 1 3 1 5 1 7 1 9 1
87 2 9 1 10 1
88 2 4 1 5 1 7 1 8 2 10 1
89 2 5 1 8 1 9 1 10 1
90 2 3 1 4 1 7 1
91 0
0 1 2 3
1 18 20 23
2 9 31
3 4 5 7
4 6 8 17
5 15
6 85
7 10 27 37
8 20
9 11 13 14
10 12 48
11 32 38
12 19 88
13 16 56 59
14 26 29 30
15 42 77
16 49
17 34
18 60
19 21 54
20 25 46
21 22 24 64
22 36
23 42 50 66
24 47
25 28
26 79 80
27 39 52 81
28 79
29 68
30 33 68 82
31 35 61 67
32 75
33 35 40
34 58 69
35 45 51
36 56
37 78
38 72
39 61
40 41 44
41 43
42 53
43 84
44 78
45 65
46 57
47 83
48 70
49 62
50 51 63 77
51 55 71
52 65
53 87
54 60
55 84
56 58
57 60 70 74
58 79
59 61
60 73 77
61 89
62 86
63 76
64 67 71
65 86
66 78
67 70
68 75
69 76
70 85
71 80
72 75
73 86
74 80
75 87
76 83 88
77 90
78 83
79 81
80 81 85
81 84
82 87
83 89
84 90
85 89
86 90
87 88
88 91
89 91
90 91
91
