32 12 15
0 3 4 5
1 2 6 7 8
2 8
3 1 2 5 6 7 8
4 1 6 7 8 9
5 1
6 4 5
7 3 4 5
8 3 4 5
9 1 2 9
10 1 8 9
11 8
12 0 1 2 6 7 8
13 2
14 3 4 5
0 0
1 3 2 1 8 1
2 4 3 1 4 1 5 1
3 3 5 1 9 1
4 1 6 1 8 1 10 1
5 4 3 1 8 1
6 1 2 1 5 1 10 2
7 3 0 1 2 1
8 2 1 1 4 1 7 1 8 1 10 1
9 5 5 1 8 1 9 1 10 1 11 1
10 2 4 1
11 5 2 1 5 2 8 1 10 1
12 4 8 1 9 1 10 2
13 4 2 1 7 1 8 1 9 1
14 2 2 1 7 1
15 3 3 1 4 1 9 1
16 2 2 1 8 1
17 3 3 1
18 2 1 1 8 1 11 1
19 2 5 2 11 1
20 3 10 1
21 4 3 1 4 1
22 1 5 1 10 2
23 1 2 1 4 1 7 1 10 1
24 2 11 1
25 4 5 1 8 3
26 4 5 1
27 2 3 1 6 1 8 1
28 2 5 1 7 1 8 3
29 2 2 1 8 3
30 6 10 1
31 0
0 1 2 3
1 11 22
2 4 7 16
3 5 18 23
4 6 9 25
5 15 21 27
6 8
7 10
8 23
9 12 21
10 14 24
11 25
12 13
13 19 27
14 23
15 20
16 17
17 26
18 19 20 29
19 28
20 22
21 24 29
22 26
23 26
24 30
25 28
26 28
27 30
28 31
29 31
30 31
31
