62 9 9
0 3 4 5
1 8
2 3 4 5 6 7 8
3 8
4 0 1 2
5 5
6 3 4 5
7 8
8 6 7 8
0 0
1 4 5 1 8 1
2 2 8 1
3 1 2 1 8 1
4 4 4 1 8 1
5 4 1 1 8 1
6 5 3 2
7 6 4 1
8 3 1 1 5 1 8 1
9 3 3 1 5 1 8 1
10 3 4 1 8 1
11 1 5 1 8 2
12 2 3 1 8 2
13 2 8 1
14 2 8 1
15 3 1 1 5 1
16 3 4 1 5 1
17 1 2 1 3 1 8 1
18 2 3 1
19 4 5 1 8 1
20 4 5 1 8 1
21 1 5 1 8 2
22 2 5 1
23 3 4 1 5 1
24 4 5 2
25 3 8 1
26 4 4 1 8 1
27 2 2 1 3 1 8 1
28 5 5 1 8 2
29 5 8 2
30 3 5 1 8 2
31 4 5 2
32 2 8 1
33 3 3 1 8 1
34 4 8 1
35 3 2 1 5 1
36 3 8 1
37 2 0 1 5 1 8 1
38 2 3 1 4 1
39 5 3 2 8 1
40 2 2 1 3 1
41 2 8 1
42 2 6 1 8 1
43 4 5 1 8 1
44 4 5 1
45 1 8 1
46 5 3 1 5 1
47 1 8 2
48 2 3 1 4 1 8 1
49 5 4 1 8 1
50 1 5 1
51 2 1 1 6 1
52 3 5 2 8 1
53 2 1 1 4 1 8 1
54 1 5 1
55 3 3 1 5 1
56 2 1 1 4 1
57 3 5 1 6 1 8 1
58 2 8 1
59 2 4 1 7 1 8 1
60 3 4 1 5 1 8 1
61 0
0 1 2 3
1 4 7 27
2 5 6 10
3 54
4 6 12 60
5 8 44
6 9 28 39
7 11 32 38
8 13 20 23
9 13
10 17 18
11 35
12 14 18 19
13 25 31
14 15 16 38
15 22 47
16 26 29 37
17 21 39 54
18 22 33
19 40 45
20 27 40
21 22 27 33
22 24
23 35
24 32 46 56
25 30 40
26 33 36
27 42 48 50
28 35 53
29 34 36 47
30 43 52
31 47 54
32 37 43
33 50 57
34 51
35 55
36 39 43 46
37 41 52
38 42
39 41
40 48
41 53
42 55
43 50 51
44 56
45 46 48
46 49
47 55
48 57
49 51 52
50 53
51 57
52 58 59
53 59
54 58
55 56
56 58
57 59
58 61
59 61
60 61
61
