32 15 24
0 1
1 1
2 8
3 1 9
4 1 2
5 0 1 2
6 8
7 1
8 4 5
9 1
10 5
11 6 7 8
12 6 7 8
13 1
14 2
15 1 6 7 8
16 5
17 2
18 1
19 3 4 5 8
20 1 2
21 1 7 8
22 1 3 4 5
23 1
0 0
1 2 2 1 4 1 8 1
2 2 5 1 8 1 9 1 12 1 13 1 14 1
3 2 2 1 3 1 7 2 8 1 11 1
4 3 2 2 3 1 8 1
5 4 5 1 7 1 8 2 12 1 13 1
6 1 1 1 5 1 7 1 8 1 14 1
7 1 1 1 3 1 7 1 8 1 13 1 14 1
8 1 1 2 2 2 8 2 13 1 14 1
9 1 2 2 4 1 8 1 11 1 12 1
10 1 5 1 6 1 11 1
11 6 1 1 5 1 12 1
12 1 3 1 13 1
13 4 4 1 5 2 6 1 7 2 12 1 14 1
14 6 3 1 13 1 14 1
15 2 1 1 5 1 8 1
16 2 5 2 8 1 10 1 11 1 12 1 14 1
17 5 5 1 8 2 13 1 14 1
18 5 2 1 5 2 8 1
19 3 5 2 6 1 12 2 13 1 14 1
20 2 2 1 5 1 6 1 11 1 12 1
21 2 2 1 5 1 6 1 7 1 8 1 11 1
22 3 0 1 2 1 4 1 6 1 11 1 12 1
23 2 2 2 3 1 8 1 11 1 13 1
24 3 1 1 2 1 4 1 5 1 8 1 11 2 12 1
25 3 5 1 8 1 10 1 12 1 13 1 14 2
26 2 2 1 5 4 6 2 12 1
27 2 12 1
28 3 2 1 5 2 6 2 8 1 14 2
29 5 13 2
30 5 1 1 4 1 5 1 6 1 8 1
31 0
0 1 2 3
1 4 7 13
2 7 21 30
3 5 9 10
4 5 6 11
5 18 26
6 14 15 22
7 8 24
8 15 16 23
9 11 12
10 16 19 26
11 17 18 20
12 14 17 19
13 14 15 22
14 16 18 20
15 29
16 28
17 22 25 30
18 21 24 30
19 20 21
20 23 24 28
21 23 25
22 26 27
23 27
24 25 27
25 29
26 28
27 29
28 31
29 31
30 31
31
