92 12 16
0 1 7 8
1 1 9
2 4 5
3 1 9
4 7 8
5 2
6 2
7 6 7 8
8 1 9
9 1 3 4 5 9
10 1 2
11 8
12 8
13 8
14 0 1 2
15 1 9
0 0
1 3 1 1
2 4 5 1 8 3 10 1
3 1 8 1 9 1
4 3 8 2 10 1
5 2 8 1 10 1
6 1 3 1 8 1
7 2 2 1 7 1 8 1
8 4 5 1 6 1 9 1
9 2 8 1 9 1
10 1 5 1 7 1
11 1 7 1 8 1 9 1
12 4 10 1
13 1 8 1 10 1
14 1 2 1 6 1
15 2 4 1 8 1 9 2
16 2 6 1
17 2 1 1 4 1 8 2 10 1
18 3 2 1 7 1
19 1 2 1 4 1 10 1
20 1 2 1 3 1 7 1 8 1 10 1
21 1 5 1 7 1 9 1 10 1
22 1 8 2 9 1
23 3 8 2 10 1
24 2 0 1 2 1 8 2 10 1
25 1 8 1
26 2 8 1
27 2 2 1 8 1 9 1 10 2
28 3 8 1 9 1
29 1 2 2 6 1 8 1
30 1 1 1 2 1 8 1
31 2 2 1 5 1 8 3
32 3 2 1 5 1 8 1 10 1
33 1 2 1 5 1 8 1 10 1
34 2 2 1 7 1
35 1 2 1 7 1 8 2
36 2 2 1 3 1 6 1 8 1
37 4 8 1 9 1
38 4 2 1 8 1
39 3 10 2
40 3 8 1
41 3 6 1 7 1 9 2 10 1
42 3 2 1 4 1 7 1 8 1
43 1 4 1 8 2
44 1 2 1 4 1 7 1
45 1 1 1 2 1 7 1 8 1 10 1
46 1 2 1
47 2 7 1 9 1
48 1 2 1 8 2
49 1 8 1
50 2 2 1
51 4 4 1 8 1 9 1
52 3 7 1
53 1 1 1 8 1 9 2
54 1 1 1 8 2 10 1
55 2 4 1
56 2 2 1 8 1
57 2 2 1 8 2 9 1
58 2 4 1 9 1
59 4 7 1 8 1 9 1
60 2 8 3 10 2
61 3 1 1 7 1
62 1 2 2 7 1 10 1
63 2 0 1 1 1 5 1 9 2
64 1 8 1
65 1 2 2 9 1
66 1 2 1 4 1 10 2
67 3 2 1 3 1 8 1 10 1
68 1 7 1 8 2 10 1
69 1 0 1 7 1 8 1 10 1
70 1 8 1
71 2 8 1
72 3 2 1 8 2 10 2
73 2 8 1
74 2 4 1 10 1
75 2 1 1 2 1 5 1 7 1 8 1
76 2 0 1 4 1 8 2 9 1
77 2 3 1 8 1 9 1 10 1
78 1 1 1 2 1 4 1 8 1 10 1
79 1 9 1 11 1
80 3 5 1 8 1
81 1 2 1 8 1 10 1
82 2 1 1 2 1 8 1 9 1
83 2 1 1
84 1 2 2 10 1
85 4 2 1 3 1 6 1 9 1 10 1
86 4 4 2 7 1 9 1
87 3 10 1
88 4 2 1 3 1
89 1 2 1 8 1 9 2 10 1
90 2 2 3 4 1 7 1
91 0
0 1 2 3
1 4 7 9
2 13 25 33
3 5 11 79
4 6 24 38
5 8 14
6 16 18 71
7 11 14 27
8 10 24
9 12 17 67
10 15 21 22
11 26 32 35
12 44 52 74
13 40 56 67
14 19 51 55
15 20 69 81
16 35 43 79
17 24 38
18 44 58 79
19 46 52 60
20 28 70 82
21 46 76
22 23 31
23 29 34
24 41 50 69
25 41 57 77
26 31 36 43
27 32 34 67
28 30 37 55
29 43 48 59
30 40 56 60
31 34 82
32 39 59 66
33 51 53 72
34 49 69 90
35 88
36 38
37 65 72 80
38 40 42 62
39 45 57 75
40 47 65
41 55 59
42 44 45 89
43 47 53 54
44 49 64
45 46 53 70
46 87
47 49 51 78
48 61
49 84
50 52 54
51 64 77
52 63 64 76
53 58 74 76
54 58 63
55 56 63 71
56 62 68
57 60 61 71
58 77
59 68
60 73 78 80
61 62 70 74
62 86
63 65 88
64 66 68
65 66 89
66 73
67 75 81
68 75
69 78
70 72
71 83
72 73 83
73 90
74 82
75 86
76 83
77 90
78 85
79 80 81
80 85 89
81 84
82 85
83 84
84 87
85 86
86 87
87 88
88 91
89 91
90 91
91
