92 9 10
0 2 7 8
1 1 2 6 7 8
2 1 2
3 3 4 5 8
4 5 7 8
5 3 4 5
6 3 4 5 8
7 7 8
8 0 1 2 6 7 8
9 3 4 5
0 0
1 1 7 2
2 1 3 1 5 1
3 1 3 1
4 3 1 1 3 1 4 1
5 3 2 1 7 1
6 1 6 1 7 1
7 1 3 1 7 1
8 2 7 1
9 2 1 1 2 1 5 1
10 2 3 1 8 1
11 4 1 1 4 1 7 1
12 4 1 1 7 1
13 3 0 1 2 1 5 1
14 4 2 1 7 1
15 2 3 1 5 1 6 1
16 3 7 1
17 2 5 1 7 1
18 1 0 1 3 1 7 1
19 3 0 1 1 1 7 1
20 3 2 1 6 1 7 1
21 3 2 2 5 1
22 1 5 1
23 3 5 1 7 1
24 1 2 1 3 1 5 1
25 2 5 1 7 1
26 2 2 1
27 1 2 1 7 2
28 1 3 1 7 2
29 2 1 1
30 2 4 1
31 2 4 1
32 2 1 1 2 1 5 1
33 4 1 1 4 1
34 3 2 1 7 2
35 2 2 1 7 1
36 2 5 2 7 1
37 2 7 1
38 4 7 1
39 3 2 1 5 1
40 1 5 1 7 1
41 2 5 1 7 1
42 2 7 1
43 2 1 1 5 1
44 1 5 1
45 3 1 1 5 1
46 2 4 1 5 1 7 1
47 3 3 1 5 1
48 2 2 1
49 2 5 2 7 1
50 1 4 1 5 1
51 1 1 1 2 1 7 1
52 4 2 1 3 1 4 1
53 1 2 2 5 1
54 3 2 1 7 1
55 3 5 1
56 2 5 1 6 1 7 1
57 1 2 1 4 1 7 1
58 2 4 1 7 1
59 1 2 1 6 1
60 1 2 1 5 1 7 1
61 2 3 1 7 2
62 1 5 2 6 1
63 2 3 1
64 2 2 1
65 2 5 1 7 2
66 3 3 1 4 1 5 1
67 2 2 1
68 3 1 1 3 1 4 1
69 3 5 1 7 1
70 2 2 1 7 1
71 4 2 1
72 2 1 1
73 2 2 1 7 1
74 3 2 1 3 1 7 1
75 2 4 1
76 2 5 1
77 2 7 1
78 2 3 1 7 1
79 1 0 1 2 2
80 3 0 1 3 1 4 1
81 1 2 1
82 1 4 1
83 7 0 1 7 2
84 2 1 1 7 1
85 3 3 1
86 2 1 1 5 1
87 2 2 1 6 1 7 1
88 2 4 1
89 2 1 1 3 1 7 1
90 4 5 2 6 1
91 0
0 1 2 3
1 6 16 34
2 5 8 31
3 4 33 44
4 12 22 46
5 7 11 13
6 7 9
7 12 23 40
8 10 15 18
9 28 29 90
10 17 32 77
11 15 65
12 14 25 52
13 20 24
14 81
15 28 38 45
16 21 60 64
17 19 50 54
18 27 40 43
19 33 36 63
20 21 26 32
21 25 37 70
22 42 60 68
23 29 46 80
24 66
25 29 39 47
26 34 35 54
27 30 50 88
28 49 58 59
29 56
30 46
31 47 78 85
32 45 50 74
33 39 43
34 38 57 59
35 37 51 69
36 53 75
37 52 56 67
38 39 66 69
39 41 79
40 49 55 75
41 49 53
42 45 55 58
43 51 66 71
44 63 69 77
45 53 70
46 48 82
47 48 84
48 54 73
49 67
50 58 73
51 55 56 59
52 68 71 77
53 71 73 81
54 74
55 64 83
56 65 76
57 60 61
58 62
59 62 67
60 62 87
61 63 64 78
62 86
63 65 68 84
64 72 76 80
65 83
66 85
67 86
68 72 75
69 70 72 78
70 76 79
71 80
72 74
73 87
74 87
75 85
76 84
77 81 82
78 79
79 83
80 82
81 89 90
82 86
83 89
84 88
85 88
86 89
87 90
88 91
89 91
90 91
91
