62 9 9
0 5 6 7 8
1 4 5
2 5 8
3 2 3 4 5 6 7 8
4 6 7 8
5 2 3 4 5
6 6 7 8
7 0 1 2
8 5
0 0
1 2 6 1 7 1
2 2 1 1 2 1 5 1
3 2 3 1 7 1
4 2 0 1 6 1
5 3 1 1 2 1 5 1
6 5 5 1 7 1
7 4 3 1 6 1 7 1
8 1 5 1 6 2
9 1 6 2
10 3 2 1 4 1
11 2 1 1 7 2
12 2 5 1 7 1
13 5 5 2
14 5 3 1 6 1
15 3 5 2 7 1
16 4 4 1 7 1 8 1
17 5 6 1
18 2 2 1
19 2 5 3
20 4 4 1
21 1 3 1 5 1
22 3 5 1
23 3 4 1
24 1 3 1
25 4 2 1 3 1 4 1
26 5 7 1
27 3 5 1 7 1
28 1 0 1 4 1 6 1
29 1 6 1
30 2 4 1 5 1 6 1
31 4 3 1 6 1
32 4 5 1 6 1 7 1
33 1 6 2
34 2 1 1 5 1 7 1
35 3 4 1 6 1
36 4 5 1 7 1
37 5 5 2
38 3 4 1 5 1 7 1
39 1 2 1 4 1
40 7 5 1 6 1
41 2 2 1 7 1
42 2 6 1 7 1
43 2 1 1 6 1
44 1 1 1 7 1
45 2 6 1
46 1 3 1 5 1 7 1
47 2 2 1 4 1 7 1
48 3 5 1 7 1
49 2 2 1
50 5 7 1
51 4 5 1 6 2
52 2 4 1 5 1 6 1
53 4 4 1 6 1
54 1 3 1 5 1
55 3 0 1
56 1 5 1
57 1 5 1 6 1 7 1
58 1 5 1 7 2
59 3 5 2 6 1
60 2 4 1 6 1
61 0
0 1 2 3
1 6 7 11
2 10 18 28
3 4 15
4 5 13
5 9 44 57
6 54
7 8 14 46
8 23 37 49
9 21 24 25
10 25
11 12 14 51
12 58
13 22 29
14 17 20 52
15 16 33
16 17 19 27
17 31 45
18 32 46
19 26 42 43
20 21
21 36 39
22 26 42 46
23 36 47
24 33 37 60
25 38
26 37 39 48
27 30 34 35
28 29 32 34
29 30 35
30 59
31 40 55
32 38 44 55
33 56
34 50
35 54
36 41 54
37 41 45
38 52
39 41 53
40 42 53
41 59
42 56
43 45 49
44 47
45 59
46 49 50
47 50
48 55
49 51 53
50 52
51 57
52 60
53 60
54 56
55 57
56 58
57 58
58 61
59 61
60 61
61
