92 12 14
0 1
1 1 6 7 8 9
2 1 9
3 1 9
4 1 3 4 5
5 8
6 7 8
7 5
8 3 4 5 8
9 1 3 4 5 7 8 9
10 0 1 2
11 4 5
12 4 5
13 6 7 8
0 0
1 1 10 1
2 4 9 1
3 4 8 1
4 3 3 1 5 1 8 2
5 3 4 1
6 2 3 1 11 1
7 3 11 1
8 2 0 1 3 1 9 1 10 1
9 1 8 1
10 1 8 1
11 3 5 1
12 2 8 1
13 3 5 1 7 1 10 1
14 1 5 3 8 1
15 1 4 1 5 1
16 2 7 1 8 1
17 1 6 1 9 1
18 5 3 1 11 1
19 2 5 1
20 4 8 1 9 1
21 2 3 1 4 1 10 1
22 3 1 1 4 1 5 1 9 1
23 1 4 1 7 1 10 1
24 2 5 1
25 5 4 1 5 1 8 2
26 2 5 1
27 2 5 1 7 1
28 2 6 1
29 4 4 1
30 3 7 1
31 3 3 1 5 2 10 1
32 3 4 1 9 1
33 4 5 2 8 1 10 1
34 2 4 1
35 2 4 1 5 1
36 3 4 1
37 4 5 1 8 1
38 2 5 1 6 1
39 4 1 1 9 1
40 4 4 1
41 3 3 1 4 1 7 1 10 1
42 1 4 1 11 1
43 1 5 1 8 1 9 2
44 1 3 1 11 1
45 3 5 1
46 2 1 1 4 2 5 1
47 2 4 1 9 1 10 1
48 3 8 1 10 1
49 3 1 1 8 1
50 2 5 1 11 1
51 1 10 1
52 1 0 1 4 1 5 1 9 1
53 2 5 1 11 1
54 2 3 1 4 1 5 1 7 1
55 3 4 1 9 1
56 1 1 1 7 1 8 1 9 1
57 2 7 1 9 1
58 2 4 1 8 1
59 1 9 1
60 2 4 2 5 1 8 1
61 4 5 2 8 1 10 1
62 2 9 1
63 2 8 1 9 1
64 2 1 1 10 1 11 1
65 1 9 1 11 1
66 2 5 1 7 2 10 1
67 1 6 1 8 1
68 2 8 1
69 1 8 2
70 1 3 1 5 1 8 2
71 3 5 1
72 1 8 1 10 1
73 1 4 1 8 1 11 1
74 3 3 1 4 1 7 1
75 3 4 2 8 1
76 3 4 1 8 2 10 1
77 2 4 1 10 1
78 1 1 1 4 1 9 1 11 1
79 2 4 1 10 1
80 4 0 1 3 1 5 1 10 1
81 2 5 1 6 1 7 1 9 1
82 1 4 1
83 2 5 1
84 2 8 1
85 1 10 1
86 1 4 2 8 1 11 1
87 1 2 1
88 1 4 1 8 1 11 1
89 2 5 1 7 1 9 1
90 4 11 1
91 0
0 1 2 3
1 11 14 24
2 15 33 44
3 4 5 9
4 6 7 13
5 17 39 48
6 8 22 49
7 84
8 28 31 70
9 10 19 21
10 77 87
11 12 40 46
12 25 26 32
13 30
14 16 37 54
15 57
16 20 23 42
17 18 22 67
18 29 30 35
19 69 73 86
20 48 51
21 27 45 55
22 47 88 89
23 43 59 82
24 58 62
25 57
26 61
27 66 78 83
28 51
29 38
30 69 75
31 64 65 67
32 36 38 71
33 34 35
34 64 82
35 45
36 42 55 68
37 39
38 50 63
39 55
40 41 56
41 82
42 60 62
43 76
44 53
45 47
46 50 52 70
47 52
48 74
49 51 59 77
50 58 68
51 57
52 61 73
53 61
54 62 64 71
55 65 81
56 78 81 83
57 63
58 72
59 65 68
60 69 72
61 85
62 66
63 84
64 79
65 66
66 73 85
67 75 79
68 74
69 80
70 71 77
71 74
72 75
73 90
74 88
75 76 80 88
76 86
77 78 80
78 89
79 83
80 81 84
81 89
82 87
83 86
84 85
85 90
86 87
87 90
88 91
89 91
90 91
91
