32 15 21
0 1
1 1
2 1 9
3 1 2 6 7 8
4 1
5 6 7 8
6 1 9
7 1 9
8 1 2 6 7 8
9 3 4 5
10 1
11 8
12 6 7 8
13 0 1 2
14 8
15 1 2
16 2
17 3 4 5
18 1 2
19 6 7 8
20 1
0 0
1 2 2 1 4 1 6 1
2 6 0 1 1 1 8 1 10 1 12 1
3 3 8 1
4 4 8 1
5 4 13 1
6 4 2 2 6 1 11 2 12 2
7 3 4 1 11 1 12 1
8 1 12 1
9 3 1 1 3 1 6 1 7 1 8 1 11 1
10 1 1 1 6 1 11 2 14 1
11 2 1 1 3 1 10 1
12 5 6 1 8 1 9 1 11 1
13 1 3 1 6 1 8 1 11 1 12 1 13 1
14 2 2 1 3 2 7 1 8 2 10 1
15 3 2 1 3 1 8 1 13 1
16 5 2 1
17 3 0 1 2 2 4 1 6 1 13 1
18 1 1 1 6 1 8 2 9 1 13 1
19 2 2 1 8 1 11 1
20 2 2 2
21 2 7 1 11 1
22 1 2 1 8 1 9 1 13 2
23 4 8 1
24 3 2 1 5 2 8 1 11 1 12 2
25 2 6 1
26 2 1 1 5 1 7 1 8 2 10 1
27 2 2 1 8 1 10 1
28 2 2 1 9 1 11 1
29 2 5 1 7 1 9 1 11 1 12 1
30 3 2 2 11 1 13 1
31 0
0 1 2 3
1 4 5
2 11 15 24
3 9
4 6 7 18
5 11 17
6 8 12 27
7 10
8 13 16 19
9 18 22 24
10 14 23
11 16 27
12 14
13 17
14 20 24
15 16 23
16 20 21 26
17 20 23
18 21 26 29
19 21 22 25
20 30
21 30
22 29
23 25 26
24 25
25 30
26 28
27 28 29
28 31
29 31
30 31
31
