92 15 15
0 1
1 1 3 4 5
2 8
3 1 4 5 8 9
4 4 5 6 7 8
5 1
6 5
7 0 1 2 7 8
8 1 9
9 1 6 7 8
10 1 9
11 1 2
12 1 2
13 1 9
14 7 8
0 0
1 3 5 1 8 1 13 1
2 3 2 1 7 1 8 1 11 2
3 4 5 1 9 1
4 4 10 1 11 1 13 1
5 3 5 1 10 2
6 1 1 1 5 1 8 1 10 1 13 1
7 2 13 2
8 5 1 1 4 1 9 1 10 1
9 1 1 1 4 1 7 1
10 3 1 1 13 1
11 1 2 1 4 1 7 1 10 1 13 1
12 2 1 1
13 1 1 2
14 5 2 1 4 1 8 1 9 1 13 1
15 3 2 1 4 1 8 2 10 1
16 3 3 1 9 1
17 2 1 1 3 1 9 1 11 1
18 1 1 1 2 1 4 1 8 1 13 1
19 3 5 2 7 1 11 1
20 3 6 2 8 1 9 1 11 1
21 2 9 1 11 1
22 1 1 1 5 1 8 1 10 1
23 2 3 1 5 1 11 1 14 1
24 1 2 1 6 1 10 2
25 2 10 2 11 1
26 1 5 1 6 1
27 6 5 1 11 2
28 1 3 1 10 1 13 1
29 2 1 1 2 1 4 1 8 1 9 1
30 1 1 1 9 1 11 1
31 4 2 1 5 1 8 1 11 2
32 3 2 1
33 3 0 1 4 1 5 1 9 1
34 2 10 1 11 1
35 2 2 1 7 1 11 1
36 3 2 1 7 1 8 2 11 1
37 2 1 1
38 4 5 1 8 1
39 1 9 1 10 1
40 1 4 1 8 1
41 1 9 1 11 1
42 2 1 1 8 1 10 1
43 1 2 1 5 1 8 1 12 1
44 1 5 2
45 4 8 1
46 2 1 1 4 1 7 1 10 1 11 1
47 2 10 1 11 1 12 1
48 1 1 1 7 1 9 1 11 2
49 4 3 1 8 1 9 1
50 4 11 1
51 1 8 1
52 1 9 1 10 1 13 1
53 1 7 1 11 1
54 2 2 1 5 1 9 1 10 1 11 1
55 3 2 1 4 1 11 1 13 1
56 2 1 1 2 1 5 1 10 1 11 1
57 4 10 1 11 1
58 1 8 1 11 2
59 1 2 1 9 1 11 1 12 1
60 4 5 1 10 1 11 1 12 1
61 3 11 1
62 3 6 1
63 2 1 1 9 1 10 1
64 4 2 1 5 1 8 1 10 1 13 1
65 2 5 2
66 4 1 1 5 1 7 1 8 1 10 1
67 2 2 1
68 2 5 1
69 2 3 1 5 1 10 1
70 2 1 1 13 1
71 2 9 1
72 1 4 1 5 1 12 1
73 2 2 1
74 6 4 1 9 1 10 1 11 1
75 2 1 1 7 1 8 1
76 4 3 1 5 1 11 1
77 3 4 1 8 1 10 2 13 1
78 3 2 1 8 1 9 1
79 4 3 1 10 2
80 3 8 2 9 1 10 1 12 1
81 3 2 1 3 1 5 1
82 2 2 1 8 1
83 3 5 1
84 2 1 1 2 1 9 1 10 1 13 1
85 5 4 1 5 1
86 1 2 1 5 1 6 1 9 1
87 2 4 1 5 1 8 1 10 2
88 2 10 1 11 2
89 1 1 1 5 1 10 1 11 1
90 3 2 1 13 1
91 0
0 1 2 3
1 4 16 18
2 6 53 59
3 86
4 5 7 28
5 13 22 86
6 8 10 11
7 24
8 9 15 28
9 14 17 32
10 23 40 55
11 12 20 43
12 46 60 78
13 21 25 35
14 16 49 85
15 30 39 44
16 19 26 31
17 42 78
18 57
19 27 46
20 34 81
21 41 48 63
22 29 59
23 29 37 38
24 33 34 52
25 45 51 75
26 50 60 64
27 74 80
28 54 64 81
29 77
30 68
31 62
32 42
33 36 55 66
34 56 62 75
35 41 68
36 69
37 41 71 89
38 47 62 76
39 48
40 77
41 57
42 52 88
43 61
44 47 55 64
45 58 90
46 81
47 51 65
48 56 76
49 73
50 69
51 54 67
52 69
53 58
54 71
55 72 75 83
56 57 67
57 61
58 68
59 70
60 80
61 87
62 70
63 66 82
64 66 79
65 72 73
66 84
67 72 74
68 71
69 80 83
70 74
71 82
72 85
73 78 83 84
74 77
75 76 85
76 79 84
77 79
78 82
79 88
80 86
81 87
82 87
83 89
84 89
85 90
86 90
87 88
88 91
89 91
90 91
91
