62 12 21
0 8
1 3 4 5
2 3 4 5
3 1 7 8
4 1 2
5 1 6 7 8
6 1
7 6 7 8
8 1 7 8
9 3 4 5
10 6 7 8
11 4 5
12 8
13 1 9
14 0 1 2
15 1 2
16 2
17 1
18 1 4 5 6 7 8 9
19 1 2
20 2
0 0
1 1 0 1 2 1 5 1 10 1
2 2 2 1 5 1 7 1
3 4 1 1 2 1 3 1 8 1
4 2 3 1 5 1
5 2 8 1
6 3 1 1 5 1 10 1
7 1 9 1
8 3 1 1 5 1 6 1 8 1 9 1 10 1
9 2 4 1 5 1 8 2
10 4 2 1 3 1 7 1
11 4 1 1 4 1 6 1 8 1
12 2 8 1 9 1 10 1
13 2 4 1 10 1
14 4 2 1 4 1 6 1 7 1 8 1 10 2
15 1 2 1 4 1 9 1
16 3 0 1 3 1 4 1 9 1
17 2 10 1
18 1 8 1
19 6 1 1 2 1 3 1 8 1
20 2 2 1
21 3 10 1
22 1 1 2 5 1 8 1 9 1
23 3 4 2 6 1 9 1
24 2 5 1
25 1 8 1 10 1
26 2 10 1
27 2 2 2 6 1 7 1 8 2 10 1
28 4 1 2 4 1 6 1 8 2 9 1
29 1 2 1 3 1 4 1 5 1 8 2
30 5 0 1 4 1 8 2
31 4 1 1
32 2 0 1 1 1 2 1 5 1 7 1 8 1 10 1
33 1 7 2
34 1 1 1 4 2 8 2
35 1 1 1 2 1 3 1 8 1 10 2
36 1 1 1 4 1 7 1 8 2 10 1
37 1 9 1
38 3 4 1 10 1
39 3 2 1 5 1 7 1 9 1
40 2 2 2 3 1 8 2 10 2
41 4 5 1 6 1
42 1 1 1 5 1
43 2 8 1
44 1 1 1 8 1 11 1
45 2 1 1 4 1 7 1 8 2 10 2
46 1 2 1 3 1 6 1 8 2 10 2
47 1 2 2 4 1 8 1
48 3 2 2 4 2 7 1 8 1 10 1
49 2 2 1 5 1 10 1
50 2 2 2 5 1 7 3 10 1
51 3 1 1 2 1 3 1 4 1 7 2
52 1 0 1 5 1 6 1 7 2
53 2 1 1 4 1 10 1
54 1 4 1 5 1 6 1 8 2 10 1
55 2 4 2 8 1
56 2 2 2 5 1 7 1 8 2
57 3 2 1 7 1 10 1
58 3 5 1
59 1 7 1
60 2 1 1 5 1 7 1 8 1 10 2
61 0
0 1 2 3
1 4 10 38
2 50
3 12 14 19
4 5
5 6 9 22
6 7 8 15
7 30
8 11 17 29
9 13 20 28
10 34 51
11 54
12 33 35
13 16 18 21
14 25 32 50
15 39 45
16 36
17 23 24 26
18 46
19 30
20 45
21 48
22 43
23 42
24 31 55
25 43
26 27 42 49
27 41
28 44
29 57
30 37 56
31 36
32 36
33 41
34 35
35 56
36 44
37 55
38 40 43 47
39 60
40 54
41 46 60
42 60
43 52
44 54
45 46 58
46 51
47 56
48 53
49 51
50 52
51 53
52 55
53 59
54 57
55 57
56 58 59
57 59
58 61
59 61
60 61
61
