22 8 8
0 0 1 3 5 6 7
1 0 2 3 4 6 7
2 0 1 2 3 4 6
3 0 1 2 3 5 7
4 0 2 3 5 6 7
5 0 2 3 4 5 7
6 0 1 2 3 4 6
7 0 2 3 4 5 7
0 0
1 1 2 1 5 1 7 1
2 2 2 2
3 3 3 1
4 2 6 1 7 1
5 1 2 1 3 1 5 1 7 1
6 4 2 3 4 1
7 5 2 1
8 4 1 1 2 2 7 1
9 1 2 1 7 1
10 3 3 1 6 2 7 1
11 2 0 1 3 1 7 2
12 3 0 1 2 1
13 3 1 1 3 1 6 1 7 1
14 6 0 2 1 1 3 1
15 1 7 1
16 3 3 1
17 1 2 1
18 4 0 2 3 1 7 1
19 3 1 1 2 1 3 1 7 2
20 1 5 1
21 0
0 1 2 3
1 7 8 18
2 7 10
3 4 5 13
4 6 7 15
5 16 17 19
6 14 18
7 12
8 9 10
9 11
10 12 14 16
11 12 13
12 19 20
13 14 16
14 19
15 17
16 20
17 18 20
18 21
19 21
20 21
21
