22 9 15
0 0 1 2 4 5 6 7
1 0 1 2 3 4 6 8
2 1 2 3 5 6 7 8
3 0 2 3 4 6 7 8
4 0 1 2 4 6 7 8
5 0 1 2 3 5 6 7
6 0 1 2 3 5 6 8
7 0 1 2 4 6 7 8
8 1 2 3 4 6 7 8
9 0 1 2 3 6 7 8
10 0 1 2 3 4 5 8
11 0 1 3 4 5 7 8
12 0 1 2 3 4 5 8
13 0 2 3 4 5 7 8
14 1 2 3 5 6 7 8
0 0
1 2 5 2 6 2 7 2 8 2
2 3 0 1 2 1 3 2 4 2 6 3 7 2
3 2 0 1 2 1 3 1 5 1 6 1 8 1
4 5 0 1 1 2 3 2 4 2 6 1 7 3
5 6 1 3 3 1 4 1 7 2 8 1
6 2 1 2 2 2 3 2 4 2 6 1 8 1
7 2 6 1 7 1
8 1 2 1 4 1 6 1
9 3 2 3 6 1 7 1 8 1
10 5 3 1 4 2 5 2 6 2 7 1 8 1
11 2 1 2 2 1 3 1 4 2 6 1 7 1 8 1
12 5 1 1 8 2
13 1 0 1 1 1 3 1 5 1 6 1 7 1
14 3 1 1 2 2 5 1 7 1
15 3 1 1 2 1 3 1 4 1 5 1 8 1
16 3 0 1 1 2 2 3 5 2 6 1
17 3 1 1 2 1 3 1 4 1 5 1 6 3
18 1 6 1 8 1
19 1 0 1 2 2 3 2 5 2 7 2 8 2
20 3 6 4 7 1
21 0
0 1 2 3
1 4 13 16
2 5
3 7 8
4 9 10
5 6 12 15
6 7 8 14
7 17
8 16 17
9 11
10 11 15 17
11 12 14 20
12 18 19
13 14 15
14 18 19
15 20
16 19
17 18 20
18 21
19 21
20 21
21
