22 9 8
0 0 7 8
1 0 3 6
2 1 4 7
3 0 6 7
4 0 7 8
5 4 5 7
6 0 1 7
7 0 2 7
0 0
1 2 6 1
2 4 0 2 7 2
3 1 0 1 5 1 6 1 7 1
4 2 0 2 4 1 6 1
5 3 0 2 4 1
6 3 0 1
7 3 0 1 8 1
8 3 0 1 3 1 4 1 7 1
9 2 2 1
10 3 0 2 2 1 7 2
11 4 3 1 5 1
12 4 0 2
13 6 0 1 7 1
14 3 0 2 2 1 6 1
15 2 0 2 1 1 3 1 7 1
16 2 1 1 5 1 6 1
17 1 1 1
18 4 2 1 4 1 6 1
19 1 0 2 4 1 6 1 8 2
20 4 0 1 3 1 4 1 6 1
21 0
0 1 2 3
1 9 10
2 13 17
3 4 9 18
4 5 6 7
5 8 11 14
6 10 12
7 8 16
8 19 20
9 12 13 15
10 14 15
11 12 16 17
12 19
13 14
14 16 19
15 17
16 20
17 20
18 21
19 21
20 21
21
