22 4 10
0 0 2
1 2 3
2 2 3
3 1 3
4 1 2
5 0 1
6 1 2
7 1 3
8 1 2
9 0 2
0 0
1 1 1 3 2 1 3 2
2 4 2 1
3 1 3 1
4 4 3 1
5 1 0 1 1 3 2 2
6 2 1 3 2 1 3 3
7 4 0 1 3 1
8 1 0 3 1 1 2 3
9 3 2 3 3 2
10 2 2 1
11 2 0 2 1 3
12 6 1 2 2 2
13 2 2 1 3 1
14 5 1 2 2 3 3 1
15 3 0 1 1 1 2 1 3 1
16 2 1 1
17 3 0 1 2 3 3 2
18 2 1 2 2 2
19 2 0 1 1 1 2 1 3 1
20 1 0 1 1 1
21 0
0 1 2 3
1 10 12 20
2 4 6 8
3 5 11 14
4 5 10 19
5 7 15 20
6 9 10 11
7 9 16
8 11 15
9 18
10 16
11 12 13
12 16
13 17
14 15 17
15 18
16 18
17 19 20
18 21
19 21
20 21
21
