22 12 6
0 1 2 3 4 6 9
1 0 1 4 6 7 9
2 0 1 3 5 6
3 0 1 2 4 6 8
4 0 2 4 5 6 9
5 0 1 2 3 7 9
0 0
1 4 1 1 4 1 9 2
2 2 1 1 9 1
3 1 0 2 4 1 10 1
4 2 10 2
5 3 3 2 6 1 10 1
6 3 5 1 6 1
7 2 3 1 6 2
8 4 4 1 7 1
9 1 7 1 9 1
10 2 2 1 7 1 10 1
11 1 2 1 4 1
12 1 4 1 7 1 9 1
13 2 2 1 4 1
14 1 2 1 9 1
15 2 6 1 9 1
16 2 2 1 3 1
17 4 1 1 2 1 11 1
18 1 9 1 10 1
19 3 1 1 8 1 10 1
20 2 1 1 4 2 9 1
21 0
0 1 2 3
1 4 5 6
2 11 17 19
3 4 11 19
4 12 16
5 7
6 7 8 9
7 18 19 20
8 10 12 15
9 10 15
10 14 18
11 13 20
12 13 17
13 18
14 16
15 16
16 17
17 20
18 21
19 21
20 21
21
