22 10 10
0 5 7 8
1 2 7 8
2 6 7 8
3 4 6 7
4 3 4 8
5 0 2 8
6 0 3 6
7 1 2 6
8 1 4 8
9 1 7 9
0 0
1 3 1 1 4 1 8 2 9 1
2 3 5 1 7 3
3 4 0 1 1 1 6 1
4 1 7 1
5 1 2 1 4 1 7 2
6 1 6 1 7 1 8 2
7 2 1 2 7 2
8 1 3 1 6 1 8 3
9 2 4 2 8 2
10 1 7 1
11 1 2 1 6 1 7 1 8 2
12 2 7 2
13 2 3 1 6 1
14 3 0 1 2 1 4 1 6 1
15 4 3 1 4 1 5 1
16 1 0 2 7 2
17 2 0 1 1 1 2 1 8 1
18 4 1 1 5 1
19 1 7 2
20 3 3 1 6 2 8 2
21 0
0 1 2 3
1 4 5 9
2 4 9 14
3 8
4 8 13 17
5 6 7 15
6 10 14
7 8 11 17
8 12
9 16
10 17 20
11 12 13 14
12 20
13 16
14 19
15 18 19 20
16 18
17 18 19
18 21
19 21
20 21
21
