22 9 6
0 1 3 4 5 6 7 8
1 0 1 2 5 6 7 8
2 2 3 4 5 6 7 8
3 1 3 4 5 6 7 8
4 0 1 2 4 5 6 8
5 1 2 4 5 6 7 8
0 0
1 2 2 1 4 1 5 1
2 4 0 1 4 2
3 1 5 1 7 1
4 2 5 1 6 1
5 3 0 1 1 1 3 1
6 3 4 1 5 1
7 3 4 1
8 3 3 1 5 1 6 1
9 2 2 1 7 1
10 3 5 1 6 2
11 4 3 1 6 2
12 4 1 1 6 1
13 6 3 1
14 3 1 2 3 1 6 1
15 2 2 1 4 1 7 1
16 2 8 1
17 1 0 1 1 2
18 4 2 2 8 2
19 1 4 1 5 1 7 1
20 4 4 2 6 1
21 0
0 1 2 3
1 9 10
2 13 17
3 4 9 18
4 5 6 7
5 8 11 14
6 10 12
7 8 16
8 19 20
9 12 13 15
10 14 15
11 12 16 17
12 19
13 14
14 16 19
15 17
16 20
17 20
18 21
19 21
20 21
21
