22 8 10
0 0 1 2 3 4 5
1 0 1 3 4 5 6
2 2 3 4 5 6 7
3 1 2 3 4 5 7
4 0 1 2 3 6 7
5 0 1 2 3 4 5
6 0 1 2 3 4 5
7 0 2 3 4 5 6
8 0 2 4 5 6 7
9 0 3 4 5 6 7
0 0
1 1 0 1 4 2 7 1
2 2 1 1 3 2 5 1
3 3 2 1
4 2 4 1 7 1
5 1 2 1 5 1 7 2
6 4 3 1
7 5 5 3 6 1
8 4 0 1 2 1
9 1 3 1
10 3 0 1 1 1 4 1
11 2 0 1 5 2 7 2
12 3 5 2 6 2
13 3 0 2 1 1
14 6 2 2 4 1 5 1
15 1 0 1 3 1 5 1
16 3 2 1 3 1 4 1
17 1 0 2 4 2 5 1
18 4 1 2 2 1 4 1
19 3 3 1 4 1
20 1 0 4 5 2
21 0
0 1 2 3
1 7 8 18
2 7 10
3 4 5 13
4 6 7 15
5 16 17 19
6 14 18
7 12
8 9 10
9 11
10 12 14 16
11 12 13
12 19 20
13 14 16
14 19
15 17
16 20
17 18 20
18 21
19 21
20 21
21
