22 12 15
0 0 1 7 9
1 1 3 4 6
2 0 1 2
3 3 4 5 6
4 1 3 6 8
5 1 5 6 9
6 1 3 4
7 1 5 8
8 0 5 6 9
9 1 2 6 9
10 0 1 2 7
11 0 1 2 4
12 1 2 4 6
13 0 1 5 7
14 0 1 3 5
0 0
1 1 0 1 3 1 6 1
2 3 2 2 5 2
3 6 2 1 7 1 9 1
4 1 0 1 1 3 4 1
5 2 2 3 3 3 7 1
6 2 0 1 3 2 5 1
7 3 4 1 5 1 6 1
8 4 0 2 4 3 9 1
9 1 1 1 9 1
10 4 1 1 6 2 10 2
11 3 1 2 2 1
12 2 4 1 6 1 10 1
13 4 0 1 1 2 6 1
14 5 5 1 6 1
15 4 0 2 6 4 11 1
16 3 3 1 5 1 11 1
17 3 0 1 4 2 9 1
18 2 4 1 8 2
19 2 6 1 7 1 8 1
20 3 7 2 11 1
21 0
0 1 2 3
1 11 12
2 4 5 7
3 9 10 14
4 6 18
5 6 10 12
6 8 9
7 10 20
8 13 19
9 20
10 16 19
11 14 15 19
12 14 15
13 17
14 17 18
15 16 17
16 18
17 20
18 21
19 21
20 21
21
