22 10 8
0 0 2 3 4 5
1 0 3 5 6 9
2 1 2 4 5 8
3 0 1 4 6 7
4 1 2 4 7 8
5 0 2 3 4 5
6 0 2 6 8 9
7 0 2 3 5 9
0 0
1 3 1 1 2 1
2 2 4 2 5 1
3 6 2 1 4 1
4 3 0 1 5 1 9 1
5 1 1 1 4 1
6 3 0 1 5 1 6 1
7 2 1 2 3 1 4 1
8 5 0 1 3 1 7 1
9 3 2 2 3 1 8 1
10 3 0 2 1 1 2 1
11 4 4 1 5 1 6 1
12 3 3 1 5 1 7 1
13 5 0 1 2 1 7 1
14 3 2 2 9 2
15 2 4 1 6 1 8 1
16 1 3 1 8 1
17 3 3 1 4 2
18 2 4 1 6 1 8 1
19 2 2 1
20 3 3 2 9 1
21 0
0 1 2 3
1 4 5 9
2 4 8 16
3 10 11 13
4 6 20
5 7 8 15
6 14
7 10 11 14
8 14 18
9 12
10 16 17
11 12 17 20
12 16 19
13 18 20
14 17
15 19
16 18
17 19
18 21
19 21
20 21
21
