32 9 15
0 1 3 4 5 6 7 8
1 0 1 3 4 6 7 8
2 0 1 4 5 6 7 8
3 0 2 3 5 6 7 8
4 0 1 4 5 6 7 8
5 0 1 2 3 4 5 7
6 0 1 3 4 5 6 8
7 0 2 3 4 5 6 8
8 0 1 2 4 5 6 7
9 0 1 2 3 4 5 6
10 0 1 2 3 4 5 6
11 0 1 2 4 5 7 8
12 0 1 3 4 6 7 8
13 0 1 2 4 5 6 8
14 0 1 3 4 5 7 8
0 0
1 3 4 3 5 1 8 1
2 3 4 1 6 2 7 1 8 2
3 2 0 1 3 1 6 1 7 1 8 3
4 2 0 1 1 4 2 2 5 1 7 1 8 1
5 2 3 1 4 2 5 1 6 1
6 2 0 1 2 1 3 2 4 1 5 1 7 1
7 3 1 1 4 1 5 1 6 2 7 1
8 3 2 1 4 1
9 1 0 2 1 2 3 2 5 1 7 2
10 1 0 1 2 1 3 1
11 3 1 1 4 1
12 2 0 1 5 2 7 2
13 3 0 2 1 2 4 2 8 2
14 1 1 2 3 1 4 2 5 1 6 2
15 1 3 1 6 1
16 3 0 1 1 1 3 1 6 4
17 2 1 2 3 1 4 1 7 2
18 2 0 6 1 2 6 1
19 1 1 1 4 1 6 1 7 2
20 3 2 1 4 1
21 2 1 6 2 1 3 1 5 1 6 2
22 4 2 1 8 1
23 5 1 1 2 1 7 1
24 3 0 2 3 2 6 3 7 1 8 1
25 1 0 3 1 1 4 4
26 3 0 1 2 1 4 2 6 1 8 1
27 2 2 1 8 1
28 2 0 3 1 1 2 1 4 3
29 4 1 1 2 1 3 1 5 2 6 1
30 3 0 1 3 2 4 2 5 2 6 1 7 2
31 0
0 1 2 3
1 4 12 21
2 5 7
3 6 10 25
4 11 17
5 15
6 8 16
7 9 14
8 26
9 13
10 19 26
11 25
12 15
13 18 20 30
14 24
15 22 27
16 19 24
17 25 29
18 19
19 28
20 23
21 24 30
22 28
23 27
24 26
25 27
26 29
27 28
28 31
29 31
30 31
31
