32 6 6
0 0 5
1 4 5
2 2 4
3 2 3
4 3 4
5 1 2
0 0
1 4 0 1 2 2
2 2 2 1 3 1
3 1 1 1 5 2
4 2 4 2
5 3 2 1 5 1
6 3 2 2 3 1
7 3 4 2 5 1
8 1 1 1 3 1
9 6 5 1
10 1 0 1 3 2
11 3 4 2
12 1 2 2 4 1
13 2 1 1 4 2
14 2 0 1 4 2
15 2 3 1 4 1
16 1 2 1 3 1
17 5 0 1 4 2
18 3 0 1 3 2
19 4 4 2 5 1
20 3 1 1 2 1
21 1 2 1 3 1
22 1 0 1 4 1
23 2 3 1 5 1
24 2 4 2
25 2 3 1 4 1
26 2 2 2
27 3 4 1
28 2 0 1 2 1
29 2 5 1
30 4 2 1 5 1
31 0
0 1 2 3
1 4 5 6
2 8
3 29
4 16 19
5 7 10 12
6 23
7 15 18
8 9 11 17
9 13
10 14 15 23
11 27
12 20
13 18 25
14 27
15 19
16 21
17 27
18 26 28
19 30
20 28 29
21 22 24 26
22 25
23 24
24 29
25 30
26 30
27 28
28 31
29 31
30 31
31
