32 12 4
0 0 1 2 3 4 5 7
1 0 1 2 3 5 6 9
2 0 1 5 6 7 8 9
3 0 1 2 4 5 6 7 8 9
0 0
1 4 1 1 11 1
2 2 0 1 11 1
3 5 9 1
4 3 1 1 4 1
5 4 3 1 10 1
6 3 1 1 7 1
7 3 9 1 11 1
8 2 5 1 10 1
9 2 2 1 7 1
10 3 2 1 8 1
11 2 0 1 5 1
12 3 6 1
13 4 1 1 10 1
14 2 1 1 10 1
15 4 6 2
16 2 0 1 10 1
17 1 5 1 10 1
18 4 10 2
19 2 5 1 6 1
20 2 6 1 7 1
21 3 2 1 7 1
22 1 0 1
23 1 5 1 9 1
24 3 8 1
25 2 4 1
26 5 3 1 8 1
27 3 5 1 6 1
28 3 5 1 10 1
29 7 0 1 4 1
30 1 2 1 5 1
31 0
0 1 2 3
1 6 8 26
2 8 22
3 4 16 21
4 5 22
5 14
6 7 9 10
7 12
8 11 13 27
9 19 21
10 15 19 25
11 15 17 30
12 13 16 18
13 14 17 28
14 24 30
15 24
16 23
17 21
18 20 23 27
19 22 27
20 25 28
21 23 25
22 24
23 29
24 29
25 29
26 28
27 30
28 31
29 31
30 31
31
