32 8 6
0 1 2 3 6
1 0 4 5 6
2 1 3 4 6
3 0 2 6 7
4 0 4 5 7
5 2 3 6 7
0 0
1 2 1 1 2 1 4 1 6 1
2 4 4 1 5 1 7 1
3 3 1 1 4 1 6 1 7 1
4 3 1 1 4 1
5 1 3 1 4 1 6 1
6 2 0 1 3 1 6 1
7 3 4 1 7 1
8 1 0 1 2 1
9 1 5 1
10 4 3 1 6 2 7 1
11 2 1 1 2 1 6 1 7 1
12 2 0 1 6 1
13 3 1 1 3 1 6 1 7 1
14 2 3 1 6 2
15 3 3 1 4 1
16 4 1 1 6 1 7 1
17 3 0 1 1 1
18 3 3 2
19 5 1 1
20 2 2 1 3 1 5 1
21 2 0 1
22 3 0 2 3 1
23 2 5 1 6 1
24 4 0 1 2 1 5 1 7 1
25 2 0 2
26 1 2 1 3 1 5 2
27 2 2 1 4 1 5 1
28 1 0 1 3 1 7 1
29 3 1 1 6 1 7 1
30 2 4 1 6 2
31 0
0 1 2 3
1 28
2 4 5 6
3 13 19 20
4 10 24 30
5 15 17 18
6 7 8 11
7 19
8 9
9 14 21
10 12 25
11 17
12 14
13 21
14 16
15 23
16 23
17 20 22
18 19
19 30
20 30
21 22
22 24 28
23 27 29
24 25
25 26
26 29
27 28
28 31
29 31
30 31
31
