32 8 8
0 1 2 5 7
1 1 5 6 7
2 1 2 3 6
3 0 1 3 5
4 2 4 5 7
5 0 3 4 5
6 1 3 6 7
7 1 4 5 7
0 0
1 2 3 1 5 1
2 4 1 4 4 1
3 3 5 1
4 3 5 1
5 1 3 1 5 2
6 2 1 1 3 1
7 3 5 1 7 2
8 1 2 1
9 1 3 2 5 1
10 4 5 2
11 2 3 2 4 1
12 2 3 2 7 1
13 3 7 1
14 2 5 1 7 1
15 3 7 2
16 4 1 2 4 2
17 3 5 2
18 3 5 1 6 2
19 5 1 2 5 2
20 2 1 1 5 1
21 2 4 1 5 2
22 3 4 1 7 1
23 2 7 2
24 4 5 2
25 2 7 2
26 1 1 1
27 2 0 2 4 1
28 1 6 1 7 2
29 3 3 1 5 1
30 2 2 1 5 1
31 0
0 1 2 3
1 28
2 4 5 6
3 13 19 20
4 10 24 30
5 15 17 18
6 7 8 11
7 19
8 9
9 14 21
10 12 25
11 17
12 14
13 21
14 16
15 23
16 23
17 20 22
18 19
19 30
20 30
21 22
22 24 28
23 27 29
24 25
25 26
26 29
27 28
28 31
29 31
30 31
31
