32 12 8
0 1 2 3 4 9
1 1 2 7 8 9
2 1 2 4 5 7 8
3 1 4 6 9
4 1 2 5 7 9
5 1 2 3 4 5
6 1 2 4 6 7 8
7 0 1 7 8 9
0 0
1 3 4 1 8 1 11 2
2 1 2 1 10 1 11 4
3 1 1 1 10 1 11 2
4 2 1 1 8 1 9 1 11 1
5 6 4 1 9 1 10 2 11 2
6 2 2 1 6 1 8 2
7 2 7 2 8 2 9 1
8 5 1 1 4 1 5 1 11 1
9 4 3 1 5 1 7 1 11 1
10 3 11 1
11 3 7 1
12 1 2 3 10 1 11 1
13 5 4 1 8 1 10 2
14 1 1 1 3 1 6 1 11 1
15 3 3 1 6 1 9 1 10 1
16 3 2 1 3 1 11 1
17 4 2 1 5 1 10 2
18 2 1 1 8 2 11 1
19 2 1 2 7 1 11 1
20 1 0 1 4 1 11 2
21 3 2 1 7 1 9 1 11 1
22 2 4 2 5 1 7 1 11 1
23 7 11 1
24 1 2 1 3 1 4 1
25 2 1 1 9 2 10 1 11 1
26 2 7 1 10 1 11 1
27 2 1 1 2 2 9 1
28 1 0 1 3 1 11 1
29 5 4 1 8 1 10 1 11 1
30 5 2 1
31 0
0 1 2 3
1 7 26
2 4 5 6
3 8 11 18
4 7 8 22
5 10 19
6 19 24
7 9 13 20
8 9 20
9 12 14 27
10 11 14 16
11 23
12 15 17
13 15 28 29
14 15
15 30
16 21
17 29
18 19 24 25
19 27 28
20 29
21 22 23
22 30
23 24 25 28
24 26
25 26
26 27
27 30
28 31
29 31
30 31
31
