32 9 8
0 0 2 4 5 6
1 0 1 2 3 6
2 0 4 5 6 7
3 4 5 6 7 8
4 1 4 5 6 7
5 1 3 5 6 8
6 1 3 4 5 6
7 0 1 2 3 7
0 0
1 3 1 1 5 1 6 2
2 3 2 1 3 2 6 1
3 2 1 1 3 1 5 1
4 2 3 1 7 1
5 2 1 2 5 1
6 2 2 1 8 1
7 3 3 1 4 2
8 3 0 1 4 1 7 1
9 1 0 1 6 1 7 1
10 1 0 1 1 1 7 2
11 3 5 3
12 2 2 1
13 3 4 1 7 1 8 1
14 1 0 1 1 1 2 1
15 1 0 1 3 1
16 3 4 1 5 1
17 2 5 1 6 2 7 1
18 2 4 1 6 1 7 2
19 1 1 1
20 3 1 1 5 1 7 1
21 2 1 1 3 3
22 4 0 1 2 1 6 1
23 5 5 1 6 2 8 1
24 3 3 1 4 2 6 1
25 1 0 1 1 1 6 1
26 3 1 1 5 2 8 1
27 2 0 1 2 1 5 1
28 2 0 1 2 1 6 1
29 4 6 1
30 3 0 2 6 1 7 1
31 0
0 1 2 3
1 4 12 21
2 5 7
3 6 10 25
4 11 17
5 15
6 8 16
7 9 14
8 26
9 13
10 19 26
11 25
12 15
13 18 20 30
14 24
15 22 27
16 19 24
17 25 29
18 19
19 28
20 23
21 24 30
22 28
23 27
24 26
25 27
26 29
27 28
28 31
29 31
30 31
31
