32 7 10
0 0 2 3
1 2 3 5
2 2 5 6
3 4 5 6
4 0 2 3
5 2 3 5
6 0 1 3
7 1 3 5
8 0 1 6
9 2 3 5
0 0
1 4 1 1 2 1 5 1
2 2 6 1
3 1 2 3 5 1
4 2 0 1
5 3 0 1 2 2 5 2 6 1
6 3 0 1 2 1 3 1 5 1
7 3 2 2 5 1
8 1 6 1
9 6 0 1 2 2 3 2 6 1
10 1 1 1 3 1
11 3 1 1 2 2 3 1 6 1
12 1 0 1 2 4 3 1 6 1
13 2 3 1 5 1
14 2 2 2 3 2 5 1
15 2 0 1 1 1 3 1 5 1 6 2
16 1 3 1 5 1
17 5 2 1 3 1 5 1
18 3 1 1 2 2 5 3
19 4 3 1
20 3 0 2 2 1 6 1
21 1 1 1 2 2 3 2
22 1 1 1 3 1 5 1
23 2 2 1 3 4 4 1 5 1
24 2 2 2 3 1
25 2 1 1
26 2 5 1
27 3 1 1 2 1 3 1 5 1 6 1
28 2 0 3 1 1 5 1
29 2 0 1 1 1 2 2 3 2
30 4 0 2 1 1 3 2 6 1
31 0
0 1 2 3
1 4 5 6
2 8
3 29
4 16 19
5 7 10 12
6 23
7 15 18
8 9 11 17
9 13
10 14 15 23
11 27
12 20
13 18 25
14 27
15 19
16 21
17 27
18 26 28
19 30
20 28 29
21 22 24 26
22 25
23 24
24 29
25 30
26 30
27 28
28 31
29 31
30 31
31
