32 3 8
0 1 2
1 0 2
2 0 1
3 1 2
4 0 2
5 0 1
6 1 2
7 0 1
0 0
1 2 1 2 2 2
2 5 1 1
3 2 0 3 1 2
4 2 0 2
5 1 0 2 2 2
6 2 0 1 1 1 2 1
7 2 0 1 1 2 2 1
8 3 0 1 1 3
9 3 0 2 2 1
10 2 0 1 1 3 2 2
11 1 0 2 1 1
12 4 0 1 1 3 2 1
13 1 1 1
14 1 0 4 2 1
15 3 0 3 2 2
16 3 0 1 1 2
17 2 0 1 1 2 2 1
18 2 0 1 1 1 2 2
19 2 0 1
20 4 0 2 1 1 2 1
21 3 1 2 2 3
22 1 1 3 2 1
23 3 2 3
24 5 0 1
25 1 0 1 1 1 2 1
26 1 0 1
27 1 0 2 2 2
28 2 0 2 1 1 2 2
29 2 1 4
30 2 2 3
31 0
0 1 2 3
1 9 10 27
2 8 14 15
3 4 5 6
4 7
5 17 26
6 13 17
7 11 12 18
8 9
9 21
10 24
11 29
12 19
13 30
14 20 23
15 16 26 29
16 17
17 20
18 28
19 22
20 25
21 22
22 25
23 24
24 25 26 29
25 28
26 30
27 30
28 31
29 31
30 31
31
