32 8 12
0 3 5 6 7
1 1 2 3 5
2 0 2 5 7
3 0 1 4 7
4 1 2 3 4
5 3 5 6 7
6 1 2 3 6
7 1 4 5 6
8 0 1 4 6
9 0 1 3 6
10 3 5 6 7
11 0 3 4 5
0 0
1 2 0 1 6 1
2 4 5 1 6 1
3 3 4 1 5 1 6 1
4 3 1 2 7 1
5 1 1 2 2 1 3 2 6 1
6 2 5 1 6 1 7 1
7 3 0 1 3 2 4 2 5 1 6 1 7 1
8 1 3 2 6 1
9 1 1 1 2 1 4 1 6 2
10 4 1 1 2 1 3 1 7 3
11 2 0 1 3 1 5 2
12 2 0 1 1 3 4 3 6 1 7 1
13 3 1 1 3 1
14 2 0 1 1 1 3 1 6 1 7 1
15 3 0 2 1 1 3 2 6 1
16 4 1 1 7 2
17 3 0 1 1 1 3 1 5 1 6 1
18 3 4 1 6 1
19 5 2 1 5 1
20 2 5 1 7 2
21 2 1 2 6 1 7 1
22 3 1 1 4 1 6 1
23 2 6 3
24 4 2 2 4 2 7 1
25 2 0 2 2 1 3 4 5 1 6 1
26 1 1 1 2 1 3 2 5 1 6 1
27 2 3 2
28 1 1 1 4 1
29 3 1 2 3 2 4 1 5 1 6 1 7 1
30 2 1 1 4 1
31 0
0 1 2 3
1 28
2 4 5 6
3 13 19 20
4 10 24 30
5 15 17 18
6 7 8 11
7 19
8 9
9 14 21
10 12 25
11 17
12 14
13 21
14 16
15 23
16 23
17 20 22
18 19
19 30
20 30
21 22
22 24 28
23 27 29
24 25
25 26
26 29
27 28
28 31
29 31
30 31
31
