32 5 12
0 0 1 4
1 0 3 4
2 1 3 4
3 1 3 4
4 0 1 4
5 0 1 4
6 1 3 4
7 1 2 4
8 0 2 3
9 0 2 3
10 0 1 2
11 0 1 3
0 0
1 3 0 3
2 2 1 2 3 2 4 3
3 1 0 1 1 1
4 5 0 1 2 1 4 1
5 2 0 4 1 4
6 2 0 2 3 4
7 2 0 2 3 1 4 1
8 2 0 1 3 2
9 5 1 2 4 1
10 3 0 4 1 2
11 2 1 2 2 1 4 2
12 3 1 4 3 2
13 1 0 2
14 2 2 1 3 2 4 3
15 5 0 1 1 1 4 3
16 5 0 3 4 2
17 2 1 1 2 2 3 3
18 2 4 3
19 4 4 2
20 2 0 4 1 3 3 1
21 1 0 1 1 1
22 2 1 4 4 3
23 3 1 1 2 1 4 2
24 3 0 3 1 4
25 2 3 1 4 2
26 1 0 3 1 1 2 1
27 3 1 1 3 1
28 1 3 2 4 1
29 5 0 2 1 1 4 2
30 3 0 2 1 1 2 4
31 0
0 1 2 3
1 8 16 26
2 4 9 12
3 5 24
4 10
5 6
6 7 11
7 14 25 28
8 12
9 20
10 17 18
11 13 23
12 15
13 25 28
14 18
15 21 27
16 17
17 19 30
18 27
19 22
20 22 24
21 29
22 23
23 27
24 28
25 26 30
26 29
27 29
28 31
29 31
30 31
31
