32 10 15
0 0 1 2 5 7
1 0 2 3 5 9
2 2 3 6 7 9
3 1 5 6 8 9
4 1 3 4 6 8
5 0 1 5 6 9
6 0 4 6 7 8
7 1 2 4 7 9
8 1 2 3 4 8
9 1 2 3 6 7
10 0 2 6 7 9
11 0 4 5 6 7
12 1 4 5 6 7
13 1 2 4 5 7
14 0 2 4 6 8
0 0
1 3 2 1 4 1
2 1 3 1 4 2 6 2
3 5 0 1 2 1 7 1
4 2 0 3 1 1 2 2 3 2 4 2 8 1
5 1 0 2 3 1 4 1 6 2 7 1 8 2 9 2
6 2 1 1 3 1 4 3 5 1 6 2
7 3 0 3 1 1 2 1 5 1 6 2 9 1
8 3 2 2 5 1 6 1 8 1 9 1
9 2 2 2 5 1 6 2 8 1 9 2
10 2 1 3 2 2 6 2 7 1
11 2 1 1 6 1 7 1 8 1 9 1
12 2 1 1 4 1 6 2 8 1
13 1 5 1 9 1
14 2 0 1 4 2 5 1 7 1 8 1
15 2 1 1 2 1 4 1 7 1 9 1
16 4 1 2 7 4
17 3 0 1 2 4 5 1 6 2 7 2 9 1
18 3 3 1 6 1 7 2 9 1
19 3 0 1 2 1 5 2 7 1
20 4 1 1 2 3 4 2 5 1 6 2
21 1 0 1 1 1 4 1 5 1 6 2 8 1 9 1
22 2 0 1 1 2 2 1 4 1 5 1 6 1 7 1
23 2 2 2 3 2 6 1 8 1
24 4 2 2 4 1 7 1 9 1
25 4 1 2 2 1 3 1 4 1 6 2 7 2
26 3 4 1 6 1
27 2 1 1 4 1
28 3 2 1 7 1 8 1
29 2 6 1 8 1
30 3 0 1 1 3 3 2 6 2 7 1
31 0
0 1 2 3
1 5 10 14
2 6 7 12
3 4 8 9
4 19
5 29
6 26
7 11 18 26
8 13
9 15 24
10 19 25
11 13
12 16 17
13 16
14 24
15 20 21
16 21
17 19 21
18 23 28
19 22 24
20 27
21 22
22 23
23 29
24 29
25 30
26 27
27 30
28 31
29 31
30 31
31
