32 10 10
0 2 3 4 6 7
1 0 2 6 7 8
2 2 3 4 7 8
3 0 3 6 7 8
4 1 4 5 6 9
5 1 3 5 6 7
6 0 2 4 5 9
7 1 2 4 5 9
8 1 4 6 7 8
9 1 4 7 8 9
0 0
1 5 1 1 4 1 6 1 7 1 8 1 9 1
2 2 0 1 5 2 9 1
3 1 1 1 4 1 7 1 9 1
4 2 0 1 4 1 6 1 7 2 8 2
5 1 1 1 4 1 5 1 6 1
6 1 3 1 6 1 8 1 9 2
7 2 4 1 7 1
8 2 1 2 2 2 4 1 6 1
9 4 2 1 4 1 6 1
10 5 0 1 1 1 2 1 8 1 9 2
11 4 3 1 5 2
12 2 2 1 3 1 6 1 9 2
13 3 1 1 8 1
14 2 2 1 3 1 9 1
15 4 0 1 6 2 7 1 9 1
16 4 1 1 5 1 7 1
17 1 1 1 2 1 6 1 7 2
18 3 6 1 7 1 8 1 9 3
19 2 0 1 2 1 4 1 5 1 7 1 8 1
20 2 1 1 2 1
21 4 2 2 3 1 4 2 9 1
22 3 1 1 2 1 3 1 6 1 7 1 9 1
23 3 1 1 2 1 4 1
24 2 6 1
25 3 1 1 5 1 8 1
26 5 2 1 3 1 7 3 8 1
27 1 0 1 2 1 5 1 6 1 8 1
28 3 1 1 3 1 6 2 8 1 9 1
29 2 4 2 7 1
30 5 2 1 4 1
31 0
0 1 2 3
1 4 11 14
2 12 13
3 5 7 19
4 9 22
5 6 8 15
6 9 17 26
7 17
8 10 16 18
9 21 23 25
10 17
11 13 18 28
12 20 24 28
13 22
14 15 21 26
15 18 25
16 23 25 30
17 23 28
18 24
19 24 30
20 22
21 30
22 29
23 27
24 29
25 27
26 27
27 29
28 31
29 31
30 31
31
