62 8 12
0 0 1 4 5 6 7
1 0 1 2 3 4 5
2 0 2 3 5 6 7
3 0 2 3 5 6 7
4 1 2 3 4 5 7
5 0 1 2 4 5 6
6 0 2 3 4 6 7
7 1 2 3 5 6 7
8 0 1 2 5 6 7
9 0 1 2 4 5 7
10 1 2 3 4 5 7
11 0 1 2 4 5 7
0 0
1 3 1 2 2 1 3 2 4 1 5 1 6 2
2 3 1 2 2 2 3 1 5 1 7 2
3 2 0 1 1 2 4 2 6 2 7 2
4 1 1 1 5 1
5 1 3 1 5 1
6 2 2 1 3 1 5 1
7 1 0 2 1 1 5 1
8 2 2 1 3 1 7 1
9 4 0 1 3 1
10 3 1 1 2 2 6 1
11 3 2 4 4 2 5 2
12 2 3 1 4 1 5 2
13 4 0 1 1 1 2 2 4 1 5 2 7 1
14 2 0 2 1 1 6 1 7 1
15 4 0 1 1 3 7 3
16 1 5 2
17 1 1 1 3 1 5 1 7 1
18 2 0 2 2 1 5 1 7 2
19 3 2 1 3 1 4 1
20 7 3 1 5 2 6 1
21 2 0 2 1 1 2 2 4 1
22 3 1 2 2 1 7 1
23 2 0 1 1 3 3 1 4 1
24 5 1 2 2 1 5 2 6 1
25 5 2 1 6 1
26 2 0 1 4 1 7 1
27 2 2 1 7 1
28 4 4 2
29 2 0 2 1 1 5 1 6 1
30 2 4 2 5 1 7 1
31 3 0 1 6 1 7 1
32 2 0 1 3 1 4 1 5 2 7 2
33 6 2 2 3 1 4 1 5 1
34 1 3 1 4 1
35 5 5 1 6 1 7 1
36 5 2 1 3 1 4 2 7 1
37 2 0 1 4 2
38 2 0 1 2 2 3 2 4 1
39 3 1 1 3 2 5 1 6 1
40 2 0 1 1 1 2 1 4 1 5 1 7 1
41 1 1 2 2 1 3 1 4 3 5 1 6 1
42 1 0 1 2 2 3 1 5 1
43 3 0 1 1 1 2 1 3 1 4 1 7 1
44 2 1 1 2 1 4 1 5 1 6 1
45 4 1 1 3 1 5 4 6 1 7 2
46 4 0 2 1 1 2 1 5 1
47 2 0 1 2 1 4 1
48 2 0 2 2 1 4 1 6 1 7 1
49 1 0 1 2 1
50 3 2 2 7 1
51 3 0 1 2 1 4 1 5 2 7 1
52 2 1 1 2 1 3 1 6 1
53 2 0 1 1 1 2 2 4 1 5 1
54 3 1 1 5 1
55 2 1 1 2 1
56 4 2 1 4 1 7 1
57 4 2 2 3 1 7 1
58 4 0 1 6 1
59 4 1 1 4 1 5 1
60 5 0 1 1 2 2 2 5 1 7 1
61 0
0 1 2 3
1 35 49 57
2 5 6 32
3 4 18 33
4 14 23
5 16 30
6 7 8 15
7 10 13 46
8 9 12 22
9 24 47
10 11
11 34
12 17
13 19 25 26
14 37 44
15 17
16 26
17 27 44 46
18 20 35 50
19 20 21 29
20 34
21 31 38
22 28
23 28 40
24 41 42 51
25 33 36 39
26 27 41 42
27 43
28 35 36 46
29 33 40
30 48 56
31 47
32 36 56
33 53 54
34 39 40 49
35 52
36 41
37 43
38 49
39 42 55
40 56
41 45
42 60
43 48 51
44 45 48 50
45 57
46 54
47 54
48 60
49 51 52
50 53 59
51 55
52 53
53 58
54 55 57 58
55 60
56 58 59
57 59
58 61
59 61
60 61
61
