62 9 10
0 0 1 2 3 4 5 6
1 1 3 4 5 6 7 8
2 0 1 2 4 5 6 7
3 1 3 4 5 6 7 8
4 0 2 3 4 5 6 8
5 0 1 2 3 4 6 8
6 0 1 4 5 6 7 8
7 0 1 2 3 4 6 8
8 0 1 2 3 5 6 7
9 0 1 3 4 5 6 7
0 0
1 3 0 1 6 1 8 1
2 3 0 1 1 1
3 2 1 1 2 1 5 1 6 1 8 2
4 1 2 3 5 1 7 2 8 1
5 1 3 2 5 1 7 1
6 2 3 1 6 3
7 1 0 1 3 1 4 2 6 1
8 2 3 1 5 1 6 1 7 1
9 4 4 2
10 3 4 2 6 1 7 1 8 1
11 3 1 1 6 2
12 2 0 1 1 1 4 1 7 2 8 1
13 4 6 2 7 1 8 2
14 2 3 3 4 1 6 1 8 1
15 4 3 1 5 1 6 1
16 1 1 1
17 1 4 1 7 1
18 2 1 1 3 1 4 1 5 1 8 1
19 3 3 3 4 1 6 1
20 7 0 2 6 1
21 2 3 1 4 1 5 1 6 2
22 3 1 1 6 1
23 2 2 1 3 1 5 1
24 5 4 1 5 2 6 1
25 5 4 2 7 1 8 2
26 2 0 1 1 2 5 1 7 1
27 2 0 2 5 3 6 1 8 1
28 4 0 2 4 1 5 1
29 2 0 1 1 1 7 1
30 2 0 1 1 1 3 2
31 3 0 1 5 1 6 2
32 2 2 1 4 1 5 2 7 1
33 6 5 1
34 1 3 1 4 1 5 1 7 1 8 1
35 5 1 1 3 1 5 1 6 1
36 5 0 2 1 1 5 2 7 1
37 2 0 1 4 2 5 1
38 2 0 1 1 1 6 2 8 2
39 3 0 1 1 2 4 1 8 2
40 2 3 1
41 1 0 1 1 1 3 1 5 2 6 1
42 1 5 1 6 1 7 2
43 3 0 3 2 1 4 2 8 1
44 2 0 1 4 1 5 1 6 1 8 1
45 4 0 1 2 1 6 1 7 1
46 4 3 1
47 2 6 1 7 1
48 2 7 1
49 1 0 2 3 2 6 2
50 3 2 1 4 1
51 3 1 1 3 2 4 1 6 1 7 1
52 2 0 2 1 1 3 1 4 2
53 2 0 2 5 2 8 2
54 3 1 1 3 1
55 2 0 1 5 1 8 1
56 4 0 1 2 2 4 1 7 1 8 1
57 4 0 2 3 1 5 1 7 1
58 4 5 1
59 4 0 2 2 1 4 1 8 1
60 5 0 1 1 2 3 1 5 1 7 2
61 0
0 1 2 3
1 35 49 57
2 5 6 32
3 4 18 33
4 14 23
5 16 30
6 7 8 15
7 10 13 46
8 9 12 22
9 24 47
10 11
11 34
12 17
13 19 25 26
14 37 44
15 17
16 26
17 27 44 46
18 20 35 50
19 20 21 29
20 34
21 31 38
22 28
23 28 40
24 41 42 51
25 33 36 39
26 27 41 42
27 43
28 35 36 46
29 33 40
30 48 56
31 47
32 36 56
33 53 54
34 39 40 49
35 52
36 41
37 43
38 49
39 42 55
40 56
41 45
42 60
43 48 51
44 45 48 50
45 57
46 54
47 54
48 60
49 51 52
50 53 59
51 55
52 53
53 58
54 55 57 58
55 60
56 58 59
57 59
58 61
59 61
60 61
61
