62 8 8
0 0 1 2 6
1 0 4 5 7
2 0 4 5 7
3 2 5 6 7
4 4 5 6 7
5 1 2 3 5
6 2 3 5 7
7 1 4 5 7
0 0
1 3 0 1 2 1 4 1 7 1
2 3 2 2 7 1
3 2 1 1 5 2 7 1
4 1 1 1 2 1
5 1 0 1 2 1 5 1 6 2
6 2 3 1 6 1
7 1 2 1
8 2 0 1 4 1 5 2
9 4 4 1
10 3 2 1 7 1
11 3 1 1 2 1 7 2
12 2 0 1 3 1 6 2
13 4 2 1 7 1
14 2 2 2 7 2
15 4 2 1 4 1 5 1 7 1
16 1 1 1
17 1 0 1 2 1 4 1
18 2 3 1 4 3
19 3 1 1 2 1 4 1 7 1
20 7 0 1 3 1 5 1 7 1
21 2 0 1 5 1
22 3 2 2 4 1 5 1
23 2 3 1 6 1 7 2
24 5 2 1 5 1 7 2
25 5 4 1 7 1
26 2 5 1
27 2 1 1 3 1 7 2
28 4 4 1 6 2 7 1
29 2 5 2 6 1 7 1
30 2 3 1 4 1 5 1
31 3 2 1 5 1
32 2 0 1 3 1 6 1 7 1
33 6 0 1 1 1 3 1 4 1
34 1 0 1 2 1 4 1 6 1
35 5 2 1 5 2
36 5 5 1
37 2 0 1 4 1 7 2
38 2 4 1 5 1 7 1
39 3 0 1 7 1
40 2 3 1 4 2 7 2
41 1 1 1 3 1 5 1 6 1
42 1 7 1
43 3 6 2
44 2 2 1 5 3 7 1
45 4 0 1 3 1 6 1 7 1
46 4 2 1 4 1 5 2 6 1
47 2 1 1 4 1 5 1 6 1
48 2 0 1 7 1
49 1 1 1 4 1 5 1 6 1
50 3 5 1
51 3 1 1 5 1
52 2 2 1 4 1 5 1 7 1
53 2 0 1 3 1 5 1
54 3 4 1 5 1 6 1
55 2 5 3 6 1
56 4 2 1 5 1 7 1
57 4 2 1 5 1 7 2
58 4 7 1
59 4 0 1
60 5 3 1 7 1
61 0
0 1 2 3
1 35 49 57
2 5 6 32
3 4 18 33
4 14 23
5 16 30
6 7 8 15
7 10 13 46
8 9 12 22
9 24 47
10 11
11 34
12 17
13 19 25 26
14 37 44
15 17
16 26
17 27 44 46
18 20 35 50
19 20 21 29
20 34
21 31 38
22 28
23 28 40
24 41 42 51
25 33 36 39
26 27 41 42
27 43
28 35 36 46
29 33 40
30 48 56
31 47
32 36 56
33 53 54
34 39 40 49
35 52
36 41
37 43
38 49
39 42 55
40 56
41 45
42 60
43 48 51
44 45 48 50
45 57
46 54
47 54
48 60
49 51 52
50 53 59
51 55
52 53
53 58
54 55 57 58
55 60
56 58 59
57 59
58 61
59 61
60 61
61
