62 7 15
0 0 1 4 6
1 0 2 3 4
2 0 1 2 6
3 0 1 4 6
4 0 2 3 5
5 1 2 3 4
6 2 4 5 6
7 1 2 3 6
8 0 2 3 4
9 0 1 2 6
10 0 1 3 4
11 0 1 3 6
12 0 1 4 6
13 0 3 4 6
14 1 3 4 5
0 0
1 3 0 1 1 2 2 2 4 3 5 1
2 2 2 3 3 2 4 3
3 4 0 3 1 1 3 3 4 2 5 1
4 3 0 1 2 1 3 2 4 1
5 1 1 4 2 1 4 1 5 1 6 1
6 1 3 1 4 2 6 2
7 1 0 2 1 1 2 1 3 1 5 1 6 3
8 1 0 2 2 2 3 2 4 4
9 2 0 2 1 1 2 1 3 1
10 2 0 4 2 2 3 1 4 3
11 4 0 2 1 1 3 1 4 3 5 1
12 3 1 2 2 1 3 1 4 1 6 3
13 3 0 2 1 1 2 3 4 3
14 7 0 1 2 2 3 1 4 4 5 2
15 3 1 1 3 2 5 1 6 2
16 2 3 1 4 1 5 1
17 5 0 3 1 2 2 3 3 1 6 1
18 2 0 2 2 2 3 3 6 1
19 5 3 3 4 4 6 2
20 2 0 2 1 2 2 1 5 1
21 1 1 1 2 2 4 3 5 1 6 1
22 2 0 1 1 2 2 2 3 1 4 1 6 1
23 2 0 2 1 2 2 2 4 2 5 1
24 4 1 2 3 1 6 2
25 2 0 1 1 1 3 1
26 2 0 2 1 2 2 1 4 2 5 1 6 1
27 2 0 1 1 2 3 1 4 3 6 1
28 3 0 3 2 1 3 2 5 1 6 3
29 2 1 1 3 1
30 1 0 1 1 2 2 2 3 1 4 3 6 1
31 2 0 1 1 2 2 1 4 2 6 2
32 3 1 1 6 1
33 3 0 3 1 2 3 2 5 2 6 1
34 2 1 2 2 1
35 5 0 1 1 2 2 3 3 2 4 2
36 2 0 2 2 1 3 3 4 1 5 1 6 2
37 2 0 1 1 1 4 3 6 3
38 1 0 3 1 1 2 2 4 2 6 3
39 2 0 2 3 1
40 3 1 1 4 1
41 3 0 1 1 1 2 2 3 1
42 1 0 1 2 1 3 1
43 5 0 1 1 4 3 2 4 2 5 1 6 1
44 1 1 1 2 1 3 1
45 2 2 1 6 1
46 4 0 2 1 3
47 1 0 4 2 2 3 1 4 2 6 2
48 4 0 1 1 2 3 1 4 1 5 1
49 2 1 1 2 3 4 3 5 1
50 2 0 1 1 3 3 2 5 2 6 1
51 3 1 1 5 1
52 1 3 1 5 1
53 3 1 2 2 2 3 2 4 1 6 1
54 3 0 1 1 2 2 1 4 2 5 1 6 1
55 4 1 1 2 1 3 1 6 2
56 4 0 3 1 2 3 2 4 1 5 1
57 2 2 1 4 2 6 3
58 2 0 2 5 1
59 2 1 1 3 1
60 3 0 2 1 2 2 1 4 3 6 1
61 0
0 1 2 3
1 4 6 14
2 5 9 43
3 13 22 51
4 24 40 44
5 7 8 10
6 18 19 25
7 11 32 38
8 39 42 49
9 12 16 45
10 11 16 25
11 15 31 33
12 20 37 53
13 17 20
14 15 16
15 42
16 21 22 31
17 29 43 50
18 55
19 27 30 55
20 34 35 39
21 23 26 50
22 27 29 35
23 30 35
24 29 32 46
25 28 31
26 27 36 41
27 37 40 42
28 32 46 48
29 52 56
30 34 37 38
31 44 52
32 33 51
33 34 45 55
34 36 47
35 36 41 52
36 58
37 44 48
38 39 47 51
39 40 41
40 58
41 48 54
42 46 58
43 56
44 49
45 49 50 54
46 47 59
47 54
48 59
49 60
50 53
51 53 56
52 57
53 57
54 57
55 60
56 59
57 60
58 61
59 61
60 61
61
