62 5 15
0 0 1 2 4
1 0 1 3 4
2 0 1 2 4
3 0 1 2 3
4 0 1 2 3
5 1 2 3 4
6 0 2 3 4
7 0 1 3 4
8 0 1 3 4
9 0 1 2 3
10 0 1 3 4
11 0 1 2 4
12 0 1 2 4
13 1 2 3 4
14 1 2 3 4
0 0
1 1 0 1 1 3
2 1 2 1 4 1
3 1 1 1 3 2
4 2 0 2 1 1 3 1
5 3 1 1 2 1 3 1
6 5 0 2 4 2
7 2 0 2 1 2 4 1
8 3 0 1 3 1 4 1
9 5 2 1 4 1
10 3 2 2
11 2 2 2 4 4
12 2 1 3 2 2 4 2
13 3 1 1 3 1
14 2 1 1 2 1 4 1
15 3 1 2 3 5 4 2
16 2 0 3 1 1 2 1
17 2 0 1 2 2
18 1 0 2 1 1 3 2
19 4 1 3 3 1 4 2
20 2 0 5
21 1 1 1 4 3
22 4 2 2 3 2 4 3
23 4 0 3
24 1 1 1 4 3
25 2 0 2 1 1 2 1
26 5 3 1 4 2
27 2 1 1 4 1
28 3 0 5 1 1 3 2
29 2 1 1 3 3
30 2 1 1 4 1
31 1 1 1 4 3
32 2 0 1 1 2 3 2
33 2 1 1 3 3 4 1
34 4 2 2 3 4 4 2
35 1 1 2 2 3 3 1
36 5 0 1 3 3
37 2 0 1 3 1
38 1 1 2 3 1 4 1
39 2 0 1 2 2
40 1 0 1 1 1
41 2 0 2 1 2 3 2
42 3 1 1 3 1 4 2
43 1 0 1 1 2 2 2
44 3 2 1 3 1
45 1 0 3 1 3 4 3
46 2 0 1 1 1
47 2 0 1 1 1 4 2
48 5 1 3
49 2 3 4 4 2
50 1 1 3 2 3 3 1
51 3 0 1 2 1 4 1
52 3 1 6 2 3
53 2 3 4 4 3
54 4 0 3 1 2
55 2 1 1 2 1
56 2 1 4 4 2
57 3 0 1 1 1 2 2
58 2 1 1 4 1
59 3 1 2 4 2
60 1 1 2
61 0
0 1 2 3
1 4 5 7
2 8 9 17
3 6 10
4 11 33 41
5 22 23 34
6 28 56
7 15 19 39
8 20
9 10 13 16
10 14 21 35
11 12 29 30
12 34 52
13 32
14 27 44 59
15 29 35 48
16 18 25 47
17 19
18 38
19 35 55
20 22 31 53
21 24 32
22 33 40
23 30 57
24 34
25 26
26 30
27 37 40 46
28 37 43
29 46
30 49
31 36
32 49
33 36 42 44
34 38 45 54
35 51 56
36 43 52
37 45 58
38 42 43 50
39 40 54 56
40 41
41 47
42 51 55
43 51
44 47
45 53
46 49 50
47 60
48 52
49 58
50 53 58
51 57 59
52 54
53 55
54 59
55 57
56 60
57 60
58 61
59 61
60 61
61
