62 4 8
0 0 2 3
1 0 1 3
2 1 2 3
3 0 1 2
4 0 1 2
5 1 2 3
6 0 1 2
7 0 1 2
0 0
1 3 0 2 2 2
2 2 0 1 2 1
3 3 0 2 3 1
4 3 3 2
5 5 2 1 3 3
6 4 2 2 3 1
7 2 2 2
8 2 2 1 3 1
9 4 1 2
10 2 0 1
11 7 0 3
12 2 0 1 3 1
13 2 1 1 3 1
14 1 0 3 1 2
15 1 1 1 3 1
16 3 1 2
17 2 1 2
18 4 0 3 3 1
19 3 1 1 2 1
20 1 1 1 2 1
21 3 1 2
22 2 0 1 3 2
23 4 1 2 2 1
24 4 0 1 1 1
25 4 0 2 1 2
26 2 0 1 1 1
27 2 0 1 3 1
28 5 1 3
29 2 1 1 3 1
30 5 0 1 1 2
31 1 2 1
32 2 0 2
33 4 2 2
34 2 0 1 2 1
35 1 3 2
36 2 0 2 1 2
37 5 1 2 2 1
38 2 0 1 2 3
39 6 1 1 2 1
40 2 1 5
41 2 1 1 3 1
42 2 1 3
43 1 0 2
44 3 0 2 1 1
45 4 1 1 2 2
46 4 2 1 3 2
47 2 0 1 2 1
48 2 0 1 2 1
49 5 0 1 1 1
50 4 2 2
51 2 1 1 2 2
52 1 0 2
53 2 2 1 3 1
54 3 1 1
55 2 3 1
56 2 1 2 2 1
57 1 1 1 2 1
58 3 2 2
59 2 0 2 2 1
60 1 1 1 2 1
61 0
0 1 2 3
1 5 6 8
2 11 30 40
3 4 17 48
4 13 47 52
5 10 15 50
6 7 9 35
7 13 24 54
8 16 41
9 12 38
10 20 28
11 14 31 32
12 26 32
13 51
14 21 23 34
15 18 39
16 19 30 35
17 38
18 25 36 55
19 31
20 22 38
21 43 50
22 44
23 27 37 53
24 30
25 45 49
26 47 57
27 46
28 29
29 31
30 33 37 39
31 52 60
32 48
33 57
34 42 48 51
35 40 50
36 40
37 56 59
38 46 49 54
39 42 43 45
40 43 53
41 42 44
42 60
43 60
44 45 49
45 46
46 52
47 51 54
48 59
49 53
50 56
51 55
52 58
53 56
54 55 58
55 59
56 57
57 58
58 61
59 61
60 61
61
