62 4 4
0 1 2 3
1 0 1 3
2 0 2 3
3 0 1 3
0 0
1 3 0 1 1 1 3 1
2 2 1 1 3 1
3 3 1 2
4 3 0 1 3 1
5 5 1 2
6 4 3 1
7 2 3 2
8 2 1 2
9 4 1 1 2 1
10 2 0 1
11 7 1 1
12 2 0 1 1 2
13 2 0 1 1 2
14 1 0 1 1 1 3 1
15 1 1 2
16 3 0 1 1 1 3 1
17 2 2 1 3 1
18 4 0 1 1 2
19 3 1 1 3 1
20 1 0 1
21 3 2 1
22 2 1 1 3 1
23 4 1 1
24 4 0 1
25 4 3 2
26 2 0 1 3 1
27 2 2 1 3 1
28 5 3 1
29 2 0 1 2 1 3 1
30 5 0 1 1 2
31 1 0 1
32 2 1 1 2 1
33 4 0 2
34 2 0 1 3 1
35 1 3 1
36 2 0 1 1 1 2 1
37 5 2 1
38 2 0 1 3 1
39 6 2 1
40 2 1 1
41 2 0 1 1 1
42 2 3 1
43 1 0 1
44 3 0 2
45 4 2 1 3 1
46 4 0 1 1 2
47 2 0 1 3 1
48 2 3 3
49 5 0 1 2 2
50 4 1 1
51 2 3 1
52 1 1 1 2 1
53 2 2 1
54 3 3 1
55 2 3 1
56 2 0 1
57 1 0 1 1 1
58 3 0 1
59 2 0 1 3 1
60 1 1 1
61 0
0 1 2 3
1 5 6 8
2 11 30 40
3 4 17 48
4 13 47 52
5 10 15 50
6 7 9 35
7 13 24 54
8 16 41
9 12 38
10 20 28
11 14 31 32
12 26 32
13 51
14 21 23 34
15 18 39
16 19 30 35
17 38
18 25 36 55
19 31
20 22 38
21 43 50
22 44
23 27 37 53
24 30
25 45 49
26 47 57
27 46
28 29
29 31
30 33 37 39
31 52 60
32 48
33 57
34 42 48 51
35 40 50
36 40
37 56 59
38 46 49 54
39 42 43 45
40 43 53
41 42 44
42 60
43 60
44 45 49
45 46
46 52
47 51 54
48 59
49 53
50 56
51 55
52 58
53 56
54 55 58
55 59
56 57
57 58
58 61
59 61
60 61
61
