92 5 4
0 1 3 4
1 1 2 3
2 1 2 4
3 0 2 4
0 0
1 1 1 1 3 2
2 3 3 2 4 1
3 7 0 1 3 1
4 2 2 1 3 1
5 1 1 2
6 2 1 1 4 1
7 2 2 1 4 1
8 2 0 1 3 1
9 6 4 2
10 1 4 1
11 2 2 1 4 1
12 3 3 2
13 1 1 1
14 4 3 1 4 1
15 3 3 2
16 1 2 1 4 1
17 5 1 1
18 3 3 1
19 3 3 1
20 2 1 1
21 1 2 1 3 1
22 2 1 1
23 1 1 1
24 6 1 1 2 1
25 3 4 1
26 3 1 1 4 2
27 3 2 1 4 1
28 2 2 1 3 1
29 2 4 1
30 3 1 2 2 1
31 2 3 2
32 2 1 1
33 4 0 1 2 1
34 4 0 1 2 1
35 1 1 1 3 1
36 2 2 1 3 1
37 3 1 1 4 1
38 4 2 2
39 3 1 1 4 1
40 3 0 1 2 1
41 3 1 1 2 1
42 2 0 1 1 1
43 3 1 1 2 1
44 1 2 1
45 4 4 1
46 3 1 1
47 1 1 1 4 1
48 3 2 1 4 2
49 2 0 1 1 1
50 1 2 1 4 1
51 2 2 1
52 3 1 1 3 1
53 5 1 1 4 1
54 3 2 1 4 1
55 1 2 1 4 1
56 3 2 1 3 2
57 2 0 1 4 1
58 4 1 1 4 1
59 1 1 1
60 4 3 1 4 1
61 4 4 1
62 2 2 1
63 2 2 1
64 4 2 1
65 3 3 1 4 2
66 4 2 2
67 3 2 1 4 1
68 2 4 1
69 3 1 1 3 1
70 3 3 1 4 1
71 2 3 1 4 1
72 2 0 1 1 1
73 4 3 1
74 4 4 1
75 3 1 1 2 1
76 1 4 2
77 3 2 1
78 3 4 1
79 5 1 1
80 5 4 1
81 4 4 1
82 3 0 1 4 1
83 1 1 1 3 1
84 4 0 1 2 1
85 2 1 1 4 1
86 5 1 1 4 1
87 1 2 2 3 1
88 2 3 1
89 1 4 1
90 1 1 1 4 1
91 0
0 1 2 3
1 4 5 17
2 13 31 34
3 8 15 23
4 6 11 47
5 7 9 21
6 10 16 19
7 12 26
8 14 18
9 76
10 51
11 33 40
12 29 46 50
13 22 25 87
14 52
15 16 58 88
16 43
17 20 28 58
18 84
19 24 54
20 53
21 26 45
22 32 40
23 24 26 27
24 33 59
25 35 37 56
26 38 51 68
27 39 65 80
28 29 51
29 30 37 67
30 59 86
31 60
32 48 56 60
33 35
34 36 53 75
35 69 77 90
36 71 81 83
37 41
38 48 56 73
39 41 42 74
40 49 70 75
41 68
42 55 64 79
43 44
44 49
45 57 61
46 68 74
47 64 72
48 54
49 73
50 63
51 59 62 76
52 63 72
53 69 77
54 70
55 78
56 75 83
57 60 87
58 66 78
59 72 78
60 62
61 62 89
62 65
63 65 66 77
64 67 69
65 90
66 79
67 73
68 82
69 81
70 74
71 80 82
72 82
73 83
74 90
75 79
76 87
77 80 84
78 81
79 86
80 85 88
81 85
82 85
83 84
84 86
85 89
86 89
87 88
88 91
89 91
90 91
91
