92 7 10
0 0 1 2 3 6
1 0 1 3 5 6
2 0 1 2 4 6
3 1 2 4 5 6
4 1 2 4 5 6
5 0 2 3 4 6
6 0 1 4 5 6
7 0 1 3 5 6
8 0 1 2 4 6
9 0 1 3 4 6
0 0
1 2 4 1 5 2
2 2 1 2 5 1
3 5 1 1 4 1 6 1
4 3 1 1 4 1 5 2
5 4 1 2 2 2
6 2 4 3
7 3 0 1 1 1 6 2
8 1 4 1 6 2
9 4 2 1
10 3 0 2 2 1
11 1 3 1
12 2 0 2 2 1 5 1
13 2 0 1 1 1 3 1
14 2 6 1
15 1 0 2 1 1
16 4 1 2 2 2 4 2
17 6 0 1 2 1 6 1
18 1 5 1
19 9 0 3 1 2 3 2
20 1 2 1 4 1
21 1 0 1 2 1 6 1
22 2 0 1 4 1 5 1
23 3 2 1 5 1
24 3 1 1 5 1
25 4 3 2 4 1 6 1
26 7 3 2 6 2
27 3 0 1 2 3
28 2 2 1 5 1 6 1
29 1 1 2 3 1
30 2 4 1 5 1 6 1
31 2 0 1 3 1 5 1
32 4 1 2 6 3
33 2 3 1 6 3
34 2 0 2 6 1
35 3 2 1
36 4 2 1 6 1
37 3 3 1 5 2 6 2
38 1 3 1 4 1 5 1
39 1 1 1 3 1 6 1
40 1 4 2 6 2
41 2 1 1
42 4 0 1 1 1 2 1
43 2 0 1 1 1 6 1
44 3 4 1 5 1
45 3 1 2 4 2
46 2 0 2 2 2
47 1 6 3
48 2 1 2 6 2
49 3 0 1 2 1 6 1
50 3 0 2 3 1
51 2 4 1
52 2 6 3
53 4 1 2
54 4 1 2 4 1
55 2 0 2 1 1 6 1
56 2 0 1 2 2 4 1
57 2 4 1
58 4 1 1 3 1 6 1
59 1 6 2
60 2 0 1 3 2
61 2 2 1 3 1 6 1
62 2 0 2
63 2 5 1 6 2
64 1 6 2
65 2 0 1 1 1 6 1
66 2 0 1 6 3
67 2 1 2 4 1 6 1
68 4 0 1 4 1 5 1
69 4 3 1 4 1
70 6 2 2 3 1 5 1
71 3 3 1 4 1
72 2 1 1 2 2 6 1
73 2 1 1 2 2 4 1
74 1 4 2 6 2
75 3 0 1
76 4 1 2 3 1
77 1 1 3 3 1
78 3 0 1 1 1 6 1
79 2 0 2 1 1 6 2
80 5 1 2 2 1 6 2
81 5 1 1
82 3 3 1 4 1
83 2 1 1 5 1
84 1 1 1 5 2 6 1
85 5 1 2 5 1 6 2
86 2 2 1
87 2 2 2 5 3
88 4 0 2 1 1 6 1
89 1 0 2 1 1 5 1
90 3 3 2 5 1
91 0
0 1 2 3
1 5 6 27
2 7 12 13
3 4 11 22
4 8 73 79
5 10 14 15
6 25 50
7 9 16 39
8 23 44
9 72 89
10 12 47
11 37 41 88
12 43 46 80
13 24 26 56
14 63
15 32 34 56
16 17 18 19
17 28 34 83
18 26 35 38
19 20 55 84
20 21
21 43 64
22 28 46 60
23 29 30 84
24 81
25 33 36 82
26 27 69
27 62 66
28 70
29 40 68
30 31 75 90
31 47 54 57
32 37 61
33 59 80
34 50 60 61
35 40 64
36 85
37 49 72
38 56 78
39 42
40 43 45 77
41 50 72
42 63 67 78
43 48
44 49 51 86
45 58
46 69
47 49 68
48 53 74
49 52 65
50 52 69
51 52 61
52 63
53 67
54 55
55 66
56 81
57 58
58 76
59 87
60 66
61 90
62 78 80
63 71 77
64 65 68
65 71
66 67 71 77
67 76
68 76
69 73
70 73 75
71 74
72 83
73 82
74 82
75 87
76 81 86
77 87
78 79 85
79 86
80 83
81 85
82 89
83 84
84 90
85 88
86 88
87 89
88 91
89 91
90 91
91
