92 10 10
0 0 8 9
1 1 2 8
2 1 6 8
3 0 5 6
4 0 3 9
5 4 6 8
6 2 5 9
7 2 4 7
8 1 5 8
9 1 2 5
0 0
1 2 1 2 9 1
2 3 1 1 2 2
3 2 0 1 4 1
4 3 2 2 8 2 9 1
5 1 6 1 7 1 9 1
6 2 1 3 3 1 4 1 5 1 8 1
7 5 0 1 1 1 5 1 8 1 9 1
8 3 5 1
9 3 0 1 3 1 4 1 5 1 6 1 8 1
10 2 2 1 4 1 5 1 7 1 8 2
11 6 1 3 4 1 5 1 8 2
12 3 1 1 6 1
13 1 1 1 4 1 5 1 6 1 7 1 9 1
14 3 5 1
15 3 1 1 3 1 5 1 6 2 8 2
16 5 8 1
17 1 0 1 1 1 9 1
18 5 5 1 8 1 9 1
19 4 2 1 5 1 6 1 9 1
20 4 2 1 5 2 8 1
21 3 0 1 2 2 5 1 8 1 9 1
22 3 2 1 3 1 5 2 8 2 9 1
23 2 0 1 1 1 5 3 6 1
24 3 0 1 2 1 5 1 6 1
25 2 1 1 2 2 5 1 6 1 9 2
26 1 1 1 4 1 9 1
27 3 3 1
28 2 1 1 2 2 9 1
29 2 1 1 2 1 4 1
30 4 0 2 1 1 2 2 4 1 6 1
31 3 2 1 5 1 6 1 8 1
32 2 0 1 1 2 2 1 8 2
33 6 0 1 1 1 2 1 4 1 6 1
34 3 4 2 6 1 8 1
35 3 0 2
36 3 0 1 2 1 4 1 8 2
37 5 0 1 4 1 5 1 8 1
38 4 0 1 4 1 5 2 7 1 8 2
39 2 2 1 3 1 5 2 7 1 8 1
40 1 0 1 1 2 4 1 9 2
41 3 0 1 2 1 4 1
42 3 0 1 1 1 4 1 7 1
43 3 4 1 5 3 6 1 9 1
44 2 0 1 1 1 6 2 8 1 9 1
45 1 0 1 1 1
46 3 3 1
47 3 8 1
48 1 4 1 9 1
49 1 6 1 8 1 9 2
50 2 1 1 6 1 8 1 9 2
51 1 0 1 1 2 9 1
52 3 1 1 2 2 5 1 8 1 9 1
53 3 0 2 2 1 5 2
54 2 0 1 2 1 5 1
55 2 0 1 2 2 3 1 7 1 9 1
56 2 0 1 1 1 2 1 8 1
57 3 2 2 5 1 8 1 9 2
58 3 6 1
59 2 3 1
60 1 0 1 5 1 6 1 8 1
61 2 5 1 6 1
62 4 0 1 2 3 3 1 5 1
63 3 4 1 6 1 9 1
64 7 0 1 4 1 5 1 6 1 9 1
65 4 0 1 1 1 4 1 5 1
66 4 1 1 3 1 4 1 5 1 8 1
67 2 1 1 5 1 6 2 9 2
68 4 6 1 7 1 8 1
69 4 0 1 8 1
70 3 2 1 7 1 8 2 9 2
71 3 2 1 5 1 8 1
72 5 0 1 4 1 5 1
73 1 1 1
74 4 1 1 4 1 6 2
75 4 2 1 5 1 6 1 9 1
76 5 6 2
77 2 0 1 1 2 5 1 6 1 8 1
78 2 1 1 3 1 9 2
79 1 0 1 2 2 5 1 8 1 9 1
80 3 0 2 2 1 3 1 6 1 8 1
81 2 1 1 2 1 3 1 4 1 9 1
82 3 0 1
83 3 0 1 2 1 5 3 8 1
84 5 2 2 4 1 5 3 9 1
85 1 5 1 7 1
86 5 4 1 5 1 6 1 8 2
87 3 0 3 2 1 5 1
88 2 2 1 3 1 4 1 5 1
89 3 6 1 8 1 9 2
90 3 1 1 8 2
91 0
0 1 2 3
1 4 5 23
2 13 76
3 6 12 32
4 14 21 38
5 12 24 36
6 7 8 9
7 15 20
8 10 11
9 50
10 16 17 18
11 64
12 19 29 30
13 56
14 26 27 33
15 37 74
16 73
17 37
18 22 49
19 25 63
20 47
21 40 41 59
22 39 54 75
23 69 89
24 64
25 26
26 35 58 75
27 28 31 34
28 44 48 68
29 46 85
30 55
31 45
32 59
33 43
34 39
35 61 73 82
36 90
37 57
38 65
39 42
40 83
41 73
42 78
43 53
44 79
45 52
46 72
47 90
48 51 62 77
49 57 60
50 77
51 66
52 81
53 62
54 57
55 69
56 81
57 84
58 74
59 77
60 66
61 70
62 70
63 67
64 68 71
65 86
66 75
67 78
68 90
69 71
70 76
71 88
72 87 88
73 80
74 82
75 78 81
76 80 83 84
77 80 84
78 83
79 86
80 85
81 89
82 85
83 86
84 87
85 88
86 87
87 89
88 91
89 91
90 91
91
