32 12 8
0 0 1 2 3 4
1 1 4 6 7 8 9
2 0 1 3 6 7
3 1 2 3 4 9
4 1 5 8 9
5 0 1 2 4 7 8
6 1 2 3 6
7 2 3 4 5
0 0
1 2 1 1 6 1 10 1
2 5 0 1 6 1 7 1 8 1 10 1 11 1
3 2 9 1
4 2 1 1 4 2 6 2 8 1
5 1 4 2 6 1 7 1 11 1
6 2 0 1 2 1 3 2
7 2 6 1 11 2
8 3 5 1 9 1 10 1 11 1
9 3 1 1 2 1 4 1 5 1 6 1 7 1
10 2 1 2 3 2 8 1 10 1
11 1 0 1 2 1 5 1 6 1
12 4 3 1 4 2 7 1
13 1 0 1 1 1 3 3 8 1
14 1 6 1 7 1 10 2 11 1
15 3 5 1 7 1 10 2 11 1
16 3 2 1 3 1 7 1 10 1
17 2 2 2 9 1
18 2 3 1 9 1 11 1
19 2 2 1 3 1 9 2
20 4 2 1 3 1 6 1 9 1 11 1
21 3 2 1 7 1 9 2
22 1 3 1 4 1 5 1 8 1 10 2
23 3 1 1 2 1 3 2 4 1
24 5 11 1
25 1 0 1 1 1 4 1 10 2 11 1
26 1 2 2 3 2
27 1 9 1 11 1
28 2 0 1 2 1 4 1 9 1
29 2 1 1 3 1 6 1 9 1
30 2 0 1 5 1 7 1 11 1
31 0
0 1 2 3
1 9 10 27
2 8 14 15
3 4 5 6
4 7
5 17 26
6 13 17
7 11 12 18
8 9
9 21
10 24
11 29
12 19
13 30
14 20 23
15 16 26 29
16 17
17 20
18 28
19 22
20 25
21 22
22 25
23 24
24 25 26 29
25 28
26 30
27 30
28 31
29 31
30 31
31
