22 4 8
0 1 2 3
1 0 1 3
2 0 1 3
3 1 2 3
4 0 2 3
5 0 1 3
6 0 1 3
7 0 1 2
0 0
1 1 1 1 2 1 3 1
2 2 0 1 1 2 3 1
3 3 0 2 2 1 3 1
4 2 0 1
5 2 0 1 1 1 2 1 3 1
6 3 0 1
7 2 0 1 1 1 3 4
8 1 2 1
9 2 0 2 1 3 3 1
10 1 1 1 3 4
11 2 1 1 2 2 3 1
12 2 0 1 1 2 2 1 3 1
13 1 0 1 2 1 3 2
14 4 2 2
15 2 0 2 1 2 2 1 3 1
16 3 0 1 1 2 3 3
17 1 1 1 2 1 3 2
18 3 0 1 1 2 2 2
19 2 2 1 3 1
20 3 1 1 2 2
21 0
0 1 2 3
1 5 12 15
2 11 14 18
3 4 7 9
4 6 8 17
5 16 17 18
6 11 16
7 8 12
8 20
9 10
10 11 13
11 12
12 19
13 14 15 18
14 16 19
15 17 20
16 20
17 19
18 21
19 21
20 21
21
