92 8 6
0 0 1 4 5
1 3 4 5 6
2 0 4 5 6
3 0 1 3 4
4 2 3 4 5
5 1 4 5 7
0 0
1 2 1 1 4 1 5 1
2 3 4 2
3 2 0 1 4 3 6 1
4 3 4 1 5 1
5 1 3 1 6 1
6 2 4 1 5 2
7 5 4 3 5 1 7 1
8 3 4 1 5 2
9 3 1 1 4 1 5 1
10 2 4 2 5 1
11 6 3 1 4 2 5 1 6 1
12 3 0 1 3 1 4 1 5 1
13 1 2 1 4 1
14 3 4 1 5 1
15 3 2 1 4 2
16 5 4 1 7 1
17 1 1 1 5 1
18 5 4 1 5 1
19 4 2 1 3 1
20 4 0 1
21 3 3 1 4 1 6 2
22 3 1 2 4 1
23 2 5 1
24 3 3 1 7 1
25 2 0 1 3 1 4 2
26 1 1 1 3 1 4 2 5 1
27 3 3 1 5 3 6 1
28 2 5 2
29 2 0 1 1 1 4 2 6 1
30 4 3 1 4 1 5 1
31 3 1 1 4 1
32 2 0 1 5 2
33 6 5 1
34 3 3 1 6 1
35 3 1 1
36 3 3 1 4 2 6 1
37 5 4 1 5 1 6 1
38 4 3 1 4 2 5 1
39 2 0 1 1 1 6 1 7 1
40 1 3 1 5 1 6 1
41 3 1 1 3 1 4 1
42 3 5 1 7 1
43 3 4 1 5 1 7 1
44 2 6 1 7 1
45 1 0 1 5 1 7 1
46 3 3 1 5 1 6 2
47 3 5 2 6 1
48 1 0 3 4 2
49 1 4 1 5 1
50 2 0 1 2 1 4 1 6 1
51 1 4 1
52 3 0 2 4 1
53 3 0 1 5 2 6 1
54 2 1 1 3 1 4 1 5 1
55 2 4 2 5 1 7 1
56 2 1 2 2 1
57 3 3 1 4 1
58 3 0 1 1 2 3 1
59 2 0 1 1 1 3 1 4 1 6 1
60 1 3 1 4 1
61 2 2 1 5 1
62 4 1 2 3 1 4 1
63 3 2 1 5 1
64 7 2 1 5 1
65 4 1 1 3 1 4 2
66 4 1 1 5 1
67 2 3 1 4 1
68 4 1 1 4 2
69 4 3 1 4 1 5 1
70 3 3 1 4 2 5 1
71 3 1 1 2 1 3 1 4 1 6 1
72 5 0 1 3 1 6 1
73 1 3 1 4 2 5 1
74 4 0 1 4 3 5 1
75 4 0 1 5 3
76 5 0 1 5 2
77 2 1 3 3 1 4 1
78 2 3 1 4 2 5 1
79 1 0 1 2 1 4 1 5 2
80 3 2 1 4 1 5 1 6 1
81 2 3 1 5 1 6 1
82 3 2 1 4 1 7 1
83 3 0 1
84 5 4 2
85 1 5 1
86 5 0 1 1 1 4 1 5 1 6 1
87 3 1 1 4 1
88 2 0 1 3 1
89 3 4 1 5 3
90 3 1 1 4 3
91 0
0 1 2 3
1 4 5 23
2 13 76
3 6 12 32
4 14 21 38
5 12 24 36
6 7 8 9
7 15 20
8 10 11
9 50
10 16 17 18
11 64
12 19 29 30
13 56
14 26 27 33
15 37 74
16 73
17 37
18 22 49
19 25 63
20 47
21 40 41 59
22 39 54 75
23 69 89
24 64
25 26
26 35 58 75
27 28 31 34
28 44 48 68
29 46 85
30 55
31 45
32 59
33 43
34 39
35 61 73 82
36 90
37 57
38 65
39 42
40 83
41 73
42 78
43 53
44 79
45 52
46 72
47 90
48 51 62 77
49 57 60
50 77
51 66
52 81
53 62
54 57
55 69
56 81
57 84
58 74
59 77
60 66
61 70
62 70
63 67
64 68 71
65 86
66 75
67 78
68 90
69 71
70 76
71 88
72 87 88
73 80
74 82
75 78 81
76 80 83 84
77 80 84
78 83
79 86
80 85
81 89
82 85
83 86
84 87
85 88
86 87
87 89
88 91
89 91
90 91
91
