22 12 6
0 0 1 2 3 6 9
1 0 1 3 4 5 6
2 0 1 2 4 5 7 8
3 1 3 4 5 6 7 8 9
4 1 3 4 5 7 8 9
5 0 1 2 3 5 6 7 9
0 0
1 1 3 1 9 1
2 2 6 1 8 1 9 1 10 1
3 3 2 1 6 1
4 2 2 1 11 2
5 2 3 1 7 2 10 1 11 1
6 3 3 2
7 2 9 1
8 1 10 1
9 2 7 2
10 1 5 1 10 1 11 1
11 2 2 1 3 1 7 1 9 1
12 2 0 1 1 1 9 1 10 2
13 1 4 1 5 1 10 1
14 4 0 1 4 2
15 2 5 1 8 1
16 3 3 1 6 1
17 1 6 1 9 1 11 1
18 3 3 1 7 2
19 2 0 2 5 1
20 3 6 1 7 1 8 2
21 0
0 1 2 3
1 5 12 15
2 11 14 18
3 4 7 9
4 6 8 17
5 16 17 18
6 11 16
7 8 12
8 20
9 10
10 11 13
11 12
12 19
13 14 15 18
14 16 19
15 17 20
16 20
17 19
18 21
19 21
20 21
21
