62 3 6
0 0 2
1 1 2
2 0 2
3 1 2
4 0 1
5 0 2
0 0
1 1 1 1 2 2
2 3 0 1
3 3 0 1 1 1
4 5 1 2 2 1
5 3 0 2 1 1 2 1
6 2 2 1
7 2 0 2 2 1
8 2 0 1 1 2 2 1
9 3 0 1 1 1 2 2
10 1 0 1 1 1 2 1
11 2 1 1 2 1
12 2 0 1 1 1 2 3
13 1 0 1 2 1
14 2 0 1 1 1 2 1
15 4 0 3 1 1 2 1
16 3 1 1 2 1
17 2 0 2 1 2
18 2 0 1 1 1
19 2 2 2
20 3 0 1 1 3 2 1
21 2 2 2
22 3 0 1 1 2 2 1
23 3 1 1 2 1
24 2 0 2 2 1
25 3 0 1 1 1
26 2 0 1
27 1 1 1 2 2
28 2 0 4 1 1
29 2 2 1
30 3 0 3
31 2 2 1
32 4 2 1
33 3 0 3 1 1 2 1
34 2 0 1
35 2 0 1 2 1
36 3 0 1 1 1
37 2 1 1 2 1
38 2 0 1 2 2
39 3 0 1 1 1 2 2
40 3 2 1
41 3 0 1 1 1 2 1
42 3 1 1
43 1 2 4
44 2 0 1 2 2
45 2 2 3
46 1 2 4
47 3 0 3 2 1
48 1 1 1
49 2 1 2
50 3 0 2 2 1
51 4 0 1
52 3 1 1
53 2 2 2
54 1 1 1
55 1 1 1
56 3 2 2
57 3 2 2
58 1 1 1
59 3 2 3
60 3 1 1 2 2
61 0
0 1 2 3
1 4 8 48
2 5 6 7
3 10 15 29
4 9 13 22
5 25 28 44
6 12 33 46
7 11 14 31
8 47 51
9 23 52
10 18 20
11 17
12 16 19 24
13 58
14 26 57
15 44
16 53
17 48
18 21 27 37
19 60
20 50
21 42
22 31
23 34
24 40
25 32 39
26 44
27 30
28 38
29 40
30 47
31 35
32 57
33 36
34 43
35 50
36 58
37 51
38 60
39 41 43 45
40 41
41 54 57
42 43 49
43 51 53
44 49 55
45 56 59
46 47
47 52
48 58
49 54
50 52
51 56
52 54
53 55
54 59
55 56
56 60
57 59
58 61
59 61
60 61
61
