62 12 15
0 1 2 3 7 8
1 1 2 4 5 6 8
2 0 2 3 4 8 9
3 0 1 4 6 8 9
4 0 1 2 8
5 0 1 4 5 6 7 8
6 0 1 2 4 5 6 8 9
7 1 3 4 5 6 7 8 9
8 0 1 2 5 6 8 9
9 0 2 3 4 5 6 7 8 9
10 0 1 3 5 6 7 8 9
11 0 1 2 3 5 7 8 9
12 1 2 3 4 5 6 8
13 0 1 2 3 5 6 7 9
14 0 1 2 3 5 6 8 9
0 0
1 1 1 2 2 1 4 1 7 1 8 1 9 1 11 1
2 3 1 2
3 1 0 1 2 1 5 1 6 1 8 1 9 1 11 2
4 3 0 1 1 1 2 2 8 1 9 2 11 1
5 3 0 1 2 1 4 1 5 1 6 1 7 1 9 1 10 1
6 4 2 1 11 1
7 3 0 1 1 1 2 1 3 2 4 1 6 1 8 1
8 1 3 1 4 1 6 1 8 2 10 1
9 1 0 1 1 1 3 1 4 1 5 1 7 1 8 1 10 1 11 1
10 1 0 1 1 1 3 1 4 2 8 2 9 1 10 1
11 2 2 2 5 1 10 3
12 2 5 1 11 2
13 4 2 1 5 1 10 1
14 3 0 1 2 1 4 1 6 1 9 3 10 1 11 1
15 3 1 1 9 1 10 3
16 3 0 1 9 1
17 3 3 1 8 1
18 3 2 1 4 1
19 2 0 1 8 1
20 4 5 1 6 1 11 1
21 2 0 1 3 1 6 1 9 1 10 2
22 2 0 3 1 1 2 1 3 1 5 1 9 1 10 1
23 2 6 2 9 1
24 2 4 1 7 1 10 1
25 2 1 1 3 1 5 3 6 2 7 1 8 3
26 5 0 1 1 1 2 1 4 1 7 1 8 1 9 1 10 1 11 1
27 2 0 2 1 1 4 2 5 1 6 2 8 1 10 1 11 1
28 2 0 1 3 1 6 1 7 1 8 1 9 1 10 2
29 2 2 1 4 3 5 1 6 1 7 2 9 2 11 1
30 2 1 1 2 1 3 1 4 1 5 2 7 1 9 2 10 1 11 1
31 4 0 2 4 2 7 1 8 2 9 2
32 1 0 2 2 1 3 1 5 1 8 2 10 1 11 1
33 4 3 1 6 1 8 1 9 1 11 1
34 1 3 1 4 1 8 1
35 2 0 3 3 1 4 1 5 1 6 1 7 1 8 2 9 1
36 3 0 1 3 1
37 2 7 1 8 1 11 1
38 1 0 1 8 1
39 2 0 2 1 1 2 1 3 1 6 1 7 1 9 1 11 1
40 4 1 2
41 1 0 1 2 1 3 1 9 1 10 1
42 3 0 1 6 2 8 1 9 1
43 2 0 1 9 1 11 1
44 1 1 1 2 1 6 1
45 3 0 1 3 1 5 1 8 1 11 1
46 3 0 1 5 2 6 1 8 2 9 1 11 1
47 4 4 1 10 1
48 1 1 1 3 1 5 1 8 3 10 2 11 1
49 2 3 1 4 1 6 1 8 3 9 3 10 1 11 1
50 2 0 1 1 1 2 1 4 1 6 1 9 1 10 2
51 2 0 2 2 2 3 1
52 2 6 1 7 1 8 1
53 4 0 1 5 1 7 1 9 1 10 1
54 1 2 1 4 1 5 2 6 1 8 1
55 2 0 1 1 1
56 2 0 1 1 2 4 1 5 1 6 1 7 1 8 2 9 1 11 1
57 2 0 1 5 1 6 2 7 1 9 1
58 5 0 2 1 1 8 3 11 3
59 2 0 1 2 1 5 1
60 1 0 1 2 1 7 1
61 0
0 1 2 3
1 5 7 12
2 4 6 24
3 9
4 15 32 34
5 30
6 11 14 35
7 8 10 23
8 18
9 26 53
10 13 17 27
11 25 30
12 16 21
13 22 37 38
14 19 31
15 60
16 35
17 20 29 36
18 19 50
19 44
20 40
21 33
22 30
23 43 45
24 26 46
25 28 40
26 47
27 58
28 56
29 45
30 58
31 41 42 48
32 39
33 44 51
34 52
35 54
36 39
37 55 57
38 59
39 50
40 45 49
41 54
42 53
43 50
44 49
45 52
46 55
47 58
48 60
49 53 55
50 51
51 52
52 57
53 54
54 59
55 60
56 57
57 59
58 61
59 61
60 61
61
