62 5 4
0 1 3 4
1 0 2 3
2 0 1
3 1 4
0 0
1 1 1 1 2 1
2 3 0 1 2 1 3 1
3 3 3 1
4 5 0 1 4 1
5 3 1 1 3 1
6 2 1 1 3 1
7 2 0 1 1 2
8 2 3 1 4 1
9 3 0 1 1 1
10 1 0 1 1 2
11 2 0 1
12 2 1 1
13 1 0 1 4 1
14 2 0 1 2 1
15 4 1 1
16 3 0 2 4 1
17 2 0 1 2 1
18 2 3 1 4 1
19 2 1 2
20 3 0 2 1 1
21 2 4 1
22 3 0 1 4 1
23 3 0 1 1 1 3 1
24 2 2 1
25 3 0 1 3 1
26 2 0 1 1 1
27 1 1 2
28 2 1 1 3 1 4 1
29 2 0 1 1 1
30 3 1 2 2 1
31 2 0 1
32 4 0 1 2 1 4 1
33 3 0 1 1 1
34 2 0 1 1 1 4 1
35 2 0 1 3 1
36 3 3 1
37 2 3 2
38 2 1 1
39 3 1 1
40 3 1 1
41 3 0 1 1 2
42 3 4 1
43 1 1 1
44 2 1 2 2 1
45 2 1 1 2 1 3 1
46 1 1 1
47 3 4 1
48 1 1 1 2 1 4 1
49 2 1 1
50 3 1 1
51 4 1 1
52 3 2 1
53 2 4 1
54 1 0 1
55 1 1 1
56 3 3 1 4 1
57 3 0 1 4 1
58 1 0 1 2 1
59 3 4 2
60 3 0 1 3 2
61 0
0 1 2 3
1 4 8 48
2 5 6 7
3 10 15 29
4 9 13 22
5 25 28 44
6 12 33 46
7 11 14 31
8 47 51
9 23 52
10 18 20
11 17
12 16 19 24
13 58
14 26 57
15 44
16 53
17 48
18 21 27 37
19 60
20 50
21 42
22 31
23 34
24 40
25 32 39
26 44
27 30
28 38
29 40
30 47
31 35
32 57
33 36
34 43
35 50
36 58
37 51
38 60
39 41 43 45
40 41
41 54 57
42 43 49
43 51 53
44 49 55
45 56 59
46 47
47 52
48 58
49 54
50 52
51 56
52 54
53 55
54 59
55 56
56 60
57 59
58 61
59 61
60 61
61
