22 10 10
0 1 3 4 5 7 8 9
1 0 2 3 4 5 6 7
2 0 4 5 6 7 8 9
3 1 2 3 4 6 7 9
4 1 6 8
5 4 6 9
6 4 5 9
7 1 3 6
8 2 5 8
9 0 6 8
0 0
1 1 2 1
2 4 0 1 1 1 2 1 4 1 5 1 8 1
3 1 0 1 3 1 4 1 5 1 6 1 9 1
4 4 0 1 1 1 5 1 7 1 8 2 9 1
5 1 2 1 3 1 4 1 5 2 6 1 9 1
6 2 3 2 5 2
7 4 3 1 5 1 6 3
8 1 3 1 6 1 7 1 8 1 9 2
9 3 0 1 3 1 4 1 8 1
10 2 0 1 4 1 5 1 6 1 8 3
11 2 0 1 3 1 4 1 6 2 8 2
12 6 1 2 3 1 8 1
13 2 0 1 2 1 4 1 5 1 6 1 8 2
14 5 4 2 5 1 8 1
15 3 3 1 6 1
16 2 1 1 5 1 8 1
17 3 0 1 3 1 6 1
18 2 1 1 5 1 6 1 8 2
19 2 5 1 7 1
20 1 2 1 4 1 5 1 6 1 8 2
21 0
0 1 2 3
1 10 12 20
2 4 6 8
3 5 11 14
4 5 10 19
5 7 15 20
6 9 10 11
7 9 16
8 11 15
9 18
10 16
11 12 13
12 16
13 17
14 15 17
15 18
16 18
17 19 20
18 21
19 21
20 21
21
