32 10 4
0 5 6 9
1 0 1 2
2 1 2 3 4 6 8 9
3 1 2 3 5 6 7 8
0 0
1 2 3 1 8 1
2 5 5 1
3 2 0 1 5 1
4 2 2 1 5 1
5 1 1 1 3 1 5 1
6 2 0 1 3 1 9 1
7 2 1 1 6 2
8 3 0 1 6 1 8 1
9 3 2 1 3 1
10 2 8 1
11 1 0 1 1 1
12 4 9 1
13 1 7 1
14 1 1 1 3 1 4 1
15 3 1 2 8 1
16 3 6 2 9 1
17 2 0 1
18 2 9 1
19 2 0 1 9 1
20 4 6 1 8 1
21 3 0 1 1 1 4 1
22 1 0 1 5 1
23 3 0 1 9 1
24 5 1 1 6 2
25 1 2 1 5 1
26 1 2 1 5 1
27 1 9 1
28 2 1 1 9 1
29 2 6 1 8 1
30 2 3 1
31 0
0 1 2 3
1 9 10 27
2 8 14 15
3 4 5 6
4 7
5 17 26
6 13 17
7 11 12 18
8 9
9 21
10 24
11 29
12 19
13 30
14 20 23
15 16 26 29
16 17
17 20
18 28
19 22
20 25
21 22
22 25
23 24
24 25 26 29
25 28
26 30
27 30
28 31
29 31
30 31
31
