92 6 8
0 2 4
1 1 2
2 1 4
3 0 4
4 4 5
5 2 3
6 1 5
7 0 2
0 0
1 2 1 1 2 1
2 1 3 1
3 2 0 1 2 1 4 1 5 1
4 4 1 2 2 2
5 1 1 1 2 1 4 1
6 3 4 1
7 4 1 2 2 1 4 1
8 1 2 2
9 5 0 1 1 1 2 2
10 1 4 2 5 1
11 1 0 1
12 2 1 1 2 2 4 1 5 1
13 2 0 2 4 2 5 1
14 2 0 1 2 1 3 1 5 2
15 1 0 2 2 1
16 3 2 1
17 3 1 2 3 1 4 1
18 2 0 1 4 2 5 1
19 2 0 1 2 2 3 1
20 2 0 1 1 1 2 1 3 1 4 1
21 2 2 1
22 3 2 2 4 1 5 1
23 3 0 1 1 1 2 1 4 1
24 3 1 1 2 1 4 2
25 5 0 1 3 1 4 1
26 2 1 1 5 1
27 3 0 1 5 2
28 3 1 1 3 1 4 1
29 2 0 2 1 1 2 1 4 1 5 1
30 4 0 1 2 1 3 1
31 1 2 3 4 1
32 2 1 1 2 1 4 2
33 2 1 1 2 1 5 2
34 3 4 1
35 2 0 2 1 1 4 2
36 2 1 1 2 1 3 1 4 2
37 3 0 1 2 2 3 1 5 2
38 1 0 1 2 1 3 1 4 2
39 3 2 1 4 2 5 1
40 4 1 1 2 2
41 1 1 1 2 1 4 2
42 2 2 1
43 3 0 1 2 1 4 2 5 1
44 3 2 4 4 1 5 1
45 2 4 2
46 2 0 2 2 2 5 1
47 2 2 1 3 1 4 1 5 1
48 2 2 1
49 3 1 1 2 1 4 2
50 3 0 1 1 2 4 1
51 2 2 2 4 1
52 2 0 1 1 2 4 2
53 3 2 1 3 1 5 1
54 2 2 1 5 1
55 3 2 1 5 1
56 2 2 1 4 1
57 2 1 1 2 2
58 3 0 1 1 1 3 1 5 1
59 2 0 1 1 1 2 2 4 1
60 3 0 1 5 1
61 5 0 1 1 1 2 1 4 1
62 3 1 1 2 2
63 1 1 1 2 1 4 1 5 1
64 2 0 1 4 1 5 1
65 1 1 1
66 3 2 2 4 1
67 3 1 1 2 1 3 1 4 2
68 3 1 1 5 1
69 4 0 1 1 1 2 3 5 1
70 2 2 1 4 1
71 3 2 2 4 1
72 4 0 2 1 1 2 3
73 1 1 1 2 1 5 1
74 2 1 2
75 3 2 2
76 2 2 3 4 1 5 2
77 1 0 1 1 2 4 1
78 3 2 1 3 1 4 1 5 1
79 3 1 1 2 1
80 3 0 1 1 1 4 1
81 1 0 1 2 2 4 2
82 3 0 1
83 3 1 2 3 1 4 2 5 1
84 2 0 1 1 2 4 2
85 1 1 2 2 2
86 1 2 1
87 3 2 1
88 2 0 1 1 1 5 2
89 3 1 1 4 2 5 1
90 1 1 1 2 2
91 0
0 1 2 3
1 15 16
2 4 13 14
3 5 7 11
4 8
5 6 19 28
6 9
7 10 20 21
8 73
9 12 40
10 18 24 36
11 23 35
12 31 84
13 38 49 58
14 17 22 46
15 54
16 25 29 79
17 81
18 26
19 37
20 39 74
21 59
22 30
23 27
24 83
25 43 47 64
26 62
27 34 37
28 32 33 53
29 45
30 41 42
31 48
32 50 60 83
33 52
34 88
35 36
36 72 85
37 51
38 67 78 86
39 44
40 56 57
41 43
42 70
43 77
44 56 82
45 63 66 68
46 48 61
47 61 63
48 65
49 89
50 71 75
51 55
52 75 77
53 66
54 63
55 70
56 87
57 76
58 80
59 61
60 76
61 68
62 67
63 84
64 69
65 83
66 76
67 89
68 71 73 75
69 77
70 82
71 80
72 73 81
73 80 89
74 79 85
75 86
76 86
77 78
78 81
79 90
80 88
81 82
82 84
83 87
84 88
85 90
86 87
87 90
88 91
89 91
90 91
91
