22 3 12
0 0 1 2
1 0 1 2
2 0 1 2
3 0 1 2
4 0 1 2
5 0 1 2
6 0 1 2
7 0 1 2
8 0 1 2
9 0 1 2
10 0 1 2
11 0 1 2
0 0
1 1 1 2 2 2
2 4 0 3 1 1
3 1 0 2 1 3 2 3
4 4 0 3 1 1 2 5
5 1 0 2 2 1
6 2 0 2 2 3
7 4 1 2
8 1 0 1 1 2 2 2
9 3 0 1 1 1
10 2 0 3 2 2
11 2 1 4 2 4
12 6 0 1 1 3 2 1
13 2 0 1 1 2 2 3
14 5 0 1 1 2 2 1
15 3 0 1 1 4
16 2 1 2
17 3 0 2 1 1
18 2 0 1 1 3 2 1
19 2 0 2 1 1 2 5
20 1 1 2 2 1
21 0
0 1 2 3
1 10 12 20
2 4 6 8
3 5 11 14
4 5 10 19
5 7 15 20
6 9 10 11
7 9 16
8 11 15
9 18
10 16
11 12 13
12 16
13 17
14 15 17
15 18
16 18
17 19 20
18 21
19 21
20 21
21
