22 7 15
0 1 3 4
1 3 4 5
2 0 2 4 5 6
3 0 1 3 4 5
4 1 2 3 4 5
5 0 1 2 5 6
6 0 2 3 5 6
7 0 3 4 5 6
8 0 1 2 3 6
9 0 1 3 4 5
10 0 2 4 5 6
11 0 1 2 3 5
12 0 2 4 5 6
13 0 2 3 4 6
14 2 3 4 5 6
0 0
1 1 3 1 4 1
2 4 0 1 4 2
3 1 3 1 6 1
4 4 4 1 6 1
5 1 0 1 1 1 3 1 4 1 6 1
6 2 3 3 4 1 5 1
7 4 2 2 3 1
8 1 1 1 2 1 3 2 4 4 5 2 6 1
9 3 2 1 3 3 6 1
10 2 2 1 3 1 4 1
11 2 2 1 4 1 6 1
12 6 1 1 2 1 3 3 4 2 5 2 6 2
13 2 1 1 2 1 3 1 4 2 6 1
14 5 1 2 3 1 4 3 5 1 6 1
15 3 1 2 2 2 3 1 4 1 5 2 6 1
16 2 0 1 1 1 2 2 4 2
17 3 1 1 2 1 4 2 5 2 6 2
18 2 0 1 4 1
19 2 0 1 5 2
20 1 0 1 1 1 2 4 3 1 4 3 5 1
21 0
0 1 2 3
1 10 12 20
2 4 6 8
3 5 11 14
4 5 10 19
5 7 15 20
6 9 10 11
7 9 16
8 11 15
9 18
10 16
11 12 13
12 16
13 17
14 15 17
15 18
16 18
17 19 20
18 21
19 21
20 21
21
