31 3 13
0 0 2
1 1 2
2 2
3 2
4 2
5 0 1 2
6 0 2
7 0 2
8 0
9 0
10 2
11 0 2
12 2
0 0
1 4 1 1 2 3
2 3 1 2 2 1
3 3 2 2
4 4 0 2 2 2
5 4 1 2
6 4 1 2 2 2
7 2 0 5 2 2
8 2 1 1 2 3
9 2 2 2
10 3 0 4 1 2 2 2
11 2 2 1
12 2 0 2 1 2 2 1
13 4 0 3 1 2
14 1 0 3 1 1 2 3
15 2 0 5 1 2 2 2
16 3 1 2 2 1
17 2 0 3
18 4 0 3
19 1 1 2 2 3
20 4 0 3 2 3
21 2 2 2
22 4 0 3
23 3 0 2 1 1 2 2
24 3 0 2 1 1 2 1
25 2 0 2 2 3
26 2 0 4 1 2
27 2 0 4 1 1
28 3 2 3
29 1 0 2 1 1 2 3
30 0
0 1 2 3 4 5 6 7 8 9 10 11 12 13 14 15 16 17 18 19 20 21 22 23 24 25 26 27 28 29 30
1 30
2 4 5 19
3 23
4 30
5 11 18
6 30
7 30
8 30
9 19
10 15 28
11 30
12 16
13 30
14 30
15 30
16 30
17 30
18 30
19 21
20 30
21 30
22 30
23 30
24 30
25 30
26 30
27 30
28 30
29 30
30
