31 3 13
0 0 1
1 0
2 1
3 1
4 1 2
5 1 2
6 2
7 0
8 0
9 0 1 2
10 1
11 1
12 0
0 0
1 2 0 2 1 2 2 3
2 3 1 2 2 2
3 4 2 2
4 3 0 1 1 2 2 3
5 3 0 3 1 2 2 3
6 2 0 2
7 2 0 2
8 3 0 2 1 1
9 4 0 2 1 2
10 3 0 3 1 2 2 3
11 2 2 3
12 4 0 2 1 1
13 2 0 2 2 2
14 2 0 1 2 2
15 1 0 2
16 3 0 4
17 2 0 5 1 1 2 2
18 2 1 1 2 3
19 2 0 3 1 2 2 3
20 2 0 3 1 1 2 1
21 2 0 3 2 1
22 2 0 2 1 2
23 3 1 1 2 2
24 3 0 3 1 1 2 3
25 1 0 3
26 3 0 2 1 2 2 2
27 3 0 2 1 1
28 3 0 3 1 1 2 3
29 4 0 5 1 2 2 2
30 0
0 1 2 3 4 5 6 7 8 9 10 11 12 13 14 15 16 17 18 19 20 21 22 23 24 25 26 27 28 29 30
1 5 20
2 4
3 30
4 10
5 30
6 30
7 24
8 17
9 14
10 30
11 15
12 19
13 17
14 18
15 30
16 27
17 30
18 30
19 20
20 30
21 30
22 30
23 30
24 30
25 30
26 30
27 30
28 30
29 30
30
