35 8 10
0 1 2 3 4 5 6
1 0 1 2 4 5 6
2 2 3 4 5 6 7
3 0 2 3 4 6
4 0 1 2 3 7
5 1 3 4 5 7
6 0 1 2 5 7
7 1 2 6 7
8 0 1 4 5
9 1 2 6 7
0 0 1 1 2 1 3 2 4 1
1 4 0 1 1 2 3 1 4 1
2 6 1 2 2 1 6 2
3 4 0 1 1 1 2 2 5 1
4 4 0 4 1 1
5 2 1 1 2 1 3 1 4 1
6 3 1 2 4 1 7 1
7 1 1 2 6 1 7 1
8 5 0 2 3 1 5 1
9 5 0 4
10 2 0 1 2 1 5 1
11 2 0 1 1 1 7 1
12 5 0 1 1 1 7 1
13 5 0 1 3 1 4 1
14 6 0 2 7 1
15 1 0 1 1 1 2 1 5 1 7 1
16 3 1 1 4 1 6 2 7 1
17 4 0 2 6 2 7 1
18 5 0 1 3 1 4 1 5 1 7 1
19 4 0 3 5 1 7 1
20 6 1 2 4 1 6 1
21 3 2 1 4 2 5 1
22 3 0 2 3 1 6 1
23 3 0 1 3 2 4 1
24 2 0 1 1 1 2 1 7 1
25 2 1 2 2 1 6 1
26 3 1 1 2 1 5 1
27 5 0 2 1 1
28 3 1 1 2 1 4 1
29 3 1 2 7 1
30 3 1 2 7 1
31 4 0 1 3 2 4 2
32 2 0 3 4 1 6 1
33 1 0 2 2 1 3 1 5 1
34 0 0 2 1 1 3 1 6 1
0 1 2 3 4 5 6 7 8 9 10 11 12 13 14 15 16 17 18 19 20 21 22 23 24 25 26 27 28 29 30 31 32 33
1 10 11 15 25
2 7 12 14
3 4 14 20
4 17 22 23
5 13 14 23
6 22
7 18 28
8 34
9 17
10 13
11 34
12 14
13 15
14 34
15 34
16 34
17 21 31
18 23
19 34
20 21 32
21 23
22 24 25
23 34
24 29
25 34
26 34
27 34
28 34
29 32
30 34
31 34
32 34
33 34
34
