51 8 10
0 1 3 4 5 6 7
1 0 2 4 5 6 7
2 0 1 3 4 5 6
3 0 2 3 5 6
4 1 2 4 5 6
5 1 2 4 5 7
6 0 1 2 3 6
7 3 5 6 7
8 1 4 5 7
9 2 3 4 5
0 0 0 1 1 1 2 1 5 1 7 1
1 7 1 1 3 1 4 2 5 1
2 2 0 2 1 1 4 1 5 1
3 1 0 1 1 2 4 1 5 1
4 5 0 1 5 1 6 3
5 3 0 1 1 1 2 1 4 1
6 2 0 2 2 1 6 1
7 8 1 1 4 1 5 1 7 1
8 5 0 2 4 1 6 1
9 1 1 2 2 1 4 1
10 4 0 2 6 1
11 5 0 1 4 1 6 1
12 2 0 1 2 1 3 1
13 2 1 1 4 1 6 1
14 1 0 3
15 2 2 1 3 1 4 2 7 1
16 5 0 2 1 1 6 1 7 1
17 3 0 3 2 1 4 1
18 2 0 3 3 1 6 1
19 1 1 1 2 1 3 1 4 1 7 1
20 1 0 2 1 2
21 7 0 1 3 2 4 1
22 2 0 2 5 1 7 1
23 1 1 1 2 1 3 1 4 1
24 5 0 3 4 1
25 3 3 1 4 1 6 1 7 1
26 2 0 1 1 1 3 1
27 8 1 1 4 2
28 5 0 3
29 1 1 1 4 1 5 1
30 4 0 1 2 1 4 1
31 5 0 2 2 1 4 2
32 2 0 2 1 1 3 1 7 1
33 2 3 1 4 3 5 1
34 1 0 3 1 1 5 1
35 2 0 1 1 1 4 1 5 1 6 1
36 5 0 2 5 2
37 3 0 1 2 1 4 1 5 1
38 2 0 2 1 2
39 1 4 1 5 2 7 1
40 1 0 2 1 1 4 1
41 7 1 1 2 1 4 1
42 2 0 2 5 1
43 1 0 1 4 1 5 1
44 5 0 1 2 2
45 3 0 1 4 1 6 1
46 2 0 2 1 1 7 2
47 8 0 1 2 1 4 2 7 1
48 5 0 2 1 2 6 1
49 1 0 3 4 1 7 1
50 0 0 1 1 2 3 1 6 1
0 1 2 3
1 4 9
2 4 9
3 4 5 6 9
4 7 10
5 8 12
6 8 10
7 13
8 11 13
9 10 12
10 13 14
11 17
12 15
13 16
14 16 18
15 17
16 19 20
17 19
18 19
19 21
20 21 22 23
21 24 29
22 24 29
23 24 25 26 29
24 27 30
25 28 32
26 28 30
27 33
28 31 33
29 30 32
30 33 34
31 37
32 35
33 36
34 36 38
35 37
36 39 40
37 39
38 39
39 41
40 41 42 43
41 44 49
42 44 49
43 44 45 46 49
44 47
45 48
46 48
47 50
48 50
49 50
50
