51 3 22
0 0
1 0
2 0
3 0
4 0 1
5 0 1
6 1 2
7 2
8 0 2
9 1
10 1
11 0 1
12 2
13 2
14 0 2
15 2
16 0 1 2
17 0
18 1
19 2
20 0
21 2
0 0
1 8 0 5 1 2 2 2
2 5 1 5 2 2
3 2 1 4 2 3
4 5 1 1 2 4
5 4 0 5 1 5
6 2 0 3 1 5
7 1 0 2 2 4
8 2 0 3 1 2 2 2
9 4 0 3 1 3 2 2
10 5 0 4
11 7 0 2 1 2
12 2 0 3 1 2 2 4
13 7 1 4
14 5 0 1 2 4
15 2 0 5 1 5 2 4
16 3 1 3
17 2 0 4 1 5 2 4
18 1 1 2 2 3
19 2 0 2 1 4 2 6
20 2 0 1 1 6
21 8 0 5 1 2 2 2
22 5 0 3 2 2
23 2 0 5 1 4 2 3
24 5 2 4
25 4 1 5
26 2 0 3 1 5 2 2
27 1 0 2 1 4 2 4
28 2 0 3 1 2 2 2
29 4 0 3 1 3 2 2
30 5 0 4 1 1 2 4
31 7 0 2 1 2 2 2
32 2 0 3 1 2 2 4
33 7 0 1 1 4 2 4
34 5 1 5 2 4
35 2 0 5
36 3 0 5 1 3
37 2 0 4 2 4
38 1 0 3 2 3
39 2 0 2 2 6
40 2 0 1 2 2
41 8 0 5 1 2 2 2
42 5 0 3
43 2 0 5 2 3
44 5 0 4 1 1
45 4 2 4
46 2 0 3 1 5 2 2
47 1 1 4 2 4
48 2 0 3 2 2
49 4 1 3 2 2
50 0
0 1 2 3
1 4 5
2 5 6 7
3 4 5
4 9 12
5 8 12
6 9 12
7 8 9 10
8 11 13 15
9 13
10 14
11 16 18
12 14
13 18
14 17
15 17
16 20
17 20
18 19
19 21
20 21 22 23
21 24 25
22 25 26 27
23 24 25
24 29 32
25 28 32
26 29 32
27 28 29 30
28 31 33 35
29 33
30 34
31 36 38
32 34
33 38
34 37
35 37
36 40
37 40
38 39
39 41
40 41 42 43
41 44 45
42 45 46 47
43 44 45
44 49
45 48
46 49
47 48 49
48 50
49 50
50
