51 8 10
0 2 5 7
1 2 4 5 6
2 4 6 7
3 0 1 2 6
4 0 1 6
5 3 5 6 7
6 4 7
7 1 2 6 7
8 0 1
9 0 3 5 6
0 0 0 1 1 1 2 1 7 1
1 5 0 1 1 1 3 1 4 2
2 2 1 1 4 2 7 1
3 1 0 4 4 1
4 5 0 2 1 1 5 1
5 2 0 1 1 1 3 1 4 1 6 1
6 1 1 1 3 1 6 1
7 9 0 1 1 1 7 3
8 1 0 3
9 7 0 1 1 1 3 1 5 2
10 6 0 1 2 2
11 1 0 2 1 1 4 1 6 1
12 1 0 3
13 4 0 1 1 1 2 1 6 1
14 4 0 1 1 1 2 1
15 6 0 2 1 1 5 1
16 2 0 2 1 1
17 3 0 1 1 2 7 1
18 2 1 2 3 1
19 6 0 1 1 2 4 1
20 2 0 1 1 2 4 1 7 1
21 5 0 2 1 2
22 2 1 2 3 1 4 1 5 1
23 1 0 1 1 2 3 1
24 5 0 1 1 2 2 1 6 1
25 2 0 2 1 1 2 1
26 1 1 2 3 1 4 1 5 1
27 9 1 2 3 1
28 1 0 1 1 2 4 1 5 1
29 7 0 2 5 1
30 6 0 1 1 1 4 1 5 1 6 1
31 1 1 1 2 1 6 1
32 1 0 2 1 1 4 1 7 1
33 4 0 2 7 1
34 4 0 2 3 1 6 1
35 6 0 1 1 1 3 1
36 2 0 2 1 1 3 1
37 3 0 2 7 1
38 2 0 2 3 1 7 1
39 6 0 1 1 2 3 1 7 1
40 2 0 2 1 1 2 1
41 5 0 3 1 1 6 1
42 2 0 2 1 1 2 1
43 1 0 1 1 2 4 1 6 1
44 5 0 1 1 3
45 2 0 1 1 3 5 1
46 1 0 2 1 1
47 9 0 1 1 1 5 1 6 2
48 1 1 3
49 7 1 3 4 1 5 1
50 0 0 2 2 1
0 1 2 3
1 4 6 8
2 4 5
3 4 5
4 7 11
5 7 11
6 7 9
7 12
8 10 11
9 13
10 13 16
11 14
12 15
13 17
14 17
15 19
16 18
17 19
18 19 20
19 21
20 21 22 23
21 24 26 28
22 24 25
23 24 25
24 27 31
25 27 31
26 27 29
27 32
28 30 31
29 33
30 33 36
31 34
32 35
33 37
34 37
35 39
36 38
37 39
38 39 40
39 41
40 41 42 43
41 44 46 48
42 44 45
43 44 45
44 47
45 47
46 47 49
47 50
48 50
49 50
50
