27 3 22
0 0 2
1 0 1
2 0 1
3 1
4 1
5 0 1
6 1
7 0 1
8 2
9 1 2
10 0 1
11 0
12 0 1 2
13 0 1 2
14 0 1 2
15 1 2
16 0 1 2
17 2
18 2
19 0 2
20 1
21 2
0 0
1 2 1 5 2 2
2 4 0 5 1 4
3 1 0 5 2 2
4 1 0 4 1 1 2 4
5 2 0 5 1 5 2 4
6 4 0 3 2 2
7 2 0 2 2 4
8 4 0 3 1 2 2 2
9 7 1 2 2 4
10 3 0 3 2 2
11 2 0 4 1 1
12 2 0 1 2 4
13 4 0 2 1 2
14 2 1 5 2 4
15 5 1 5 2 4
16 3 0 4 1 5 2 4
17 1 2 3
18 5 0 5 1 3 2 3
19 6 0 2 2 6
20 1 0 1 2 2
21 3 0 3 1 2 2 1
22 2 0 1 2 4
23 7 0 2 1 2
24 5 1 1
25 5 0 2 2 2
26 0
0 1 2 3
1 4
2 4 7
3 5 6
4 8 10
5 11
6 8
7 9
8 12
9 12 13
10 12 14 15
11 12
12 17
13 16 19
14 16
15 18
16 20 21
17 20 23
18 22
19 20
20 24
21 25
22 24
23 24
24 26
25 26
26
