51 3 22
0 0 1
1 0 1
2 0 1
3 1
4 1
5 0 1
6 1
7 1 2
8 2
9 2
10 0
11 0
12 2
13 1 2
14 1 2
15 0 2
16 0 1
17 1
18 0
19 0 1
20 1
21 0 1
0 0
1 7 0 3 2 2
2 2 0 5 1 4 2 3
3 1 1 2
4 5 1 5 2 4
5 3 0 2 1 4 2 4
6 2 1 5 2 2
7 8 1 1 2 4
8 5 0 3
9 1 0 4 2 4
10 4 0 3 1 2
11 5 1 5
12 2 0 3 1 2 2 4
13 2 0 1 1 4 2 4
14 1 1 2 2 2
15 2 0 5 1 5
16 5 0 4 1 5 2 4
17 3 1 2 2 3
18 2 0 5 1 3 2 3
19 1 0 2 2 6
20 1 0 1 1 6
21 7 0 3 1 5 2 2
22 2 0 5 1 4 2 3
23 1 0 5 1 2 2 2
24 5 0 5 1 5
25 3 1 4 2 4
26 2 0 3
27 8 0 4 1 1
28 5 1 3 2 2
29 1 0 4 1 1 2 4
30 4 0 3 1 2 2 2
31 5 2 4
32 2 0 3 2 4
33 2 0 1 2 4
34 1 0 2 1 2 2 2
35 2 1 5 2 4
36 5 0 4 1 5 2 4
37 3 1 2 2 3
38 2 0 5 1 3
39 1 0 2 1 4 2 6
40 1 0 1 1 6 2 2
41 7 0 3 2 2
42 2 0 5 1 4 2 3
43 1 1 2 2 2
44 5 0 5 2 4
45 3 0 2 2 4
46 2 0 3
47 8 1 1 2 4
48 5 0 3 1 3 2 2
49 1 2 4
50 0
0 1 2 3
1 4 9
2 4 9
3 4 5 6 9
4 7 10
5 8 12
6 8 10
7 13
8 11 13
9 10 12
10 13 14
11 17
12 15
13 16
14 16 18
15 17
16 19 20
17 19
18 19
19 21
20 21 22 23
21 24 29
22 24 29
23 24 25 26 29
24 27 30
25 28 32
26 28 30
27 33
28 31 33
29 30 32
30 33 34
31 37
32 35
33 36
34 36 38
35 37
36 39 40
37 39
38 39
39 41
40 41 42 43
41 44 49
42 44 49
43 44 45 46 49
44 47
45 48
46 48
47 50
48 50
49 50
50
