51 3 22
0 0
1 0 1
2 0 1
3 0 2
4 0 1
5 0 1
6 1 2
7 1 2
8 2
9 1
10 0 1
11 1
12 2
13 0 2
14 2
15 2
16 1
17 0
18 1
19 2
20 2
21 1 2
0 0
1 5 1 2 2 2
2 2 0 3
3 1 0 5 2 3
4 5 0 5 1 5 2 4
5 2 0 4 1 1 2 4
6 1 0 3 1 5
7 9 0 3 1 2 2 2
8 1 0 2 1 4 2 4
9 7 1 1 2 4
10 6 1 2 2 4
11 1 1 3 2 2
12 1 1 4 2 4
13 4 0 2 1 2 2 2
14 4 0 5 1 5 2 4
15 6 0 5 1 3 2 3
16 2 0 1 1 5 2 4
17 3 0 3 2 3
18 2 0 4
19 6 0 2 1 4 2 6
20 2 0 1 1 6 2 2
21 5 0 5 1 2 2 2
22 2 0 3 1 5 2 2
23 1 0 5 1 4 2 3
24 5 0 5 1 5 2 4
25 2 1 1 2 4
26 1 0 3 1 5 2 2
27 9 2 2
28 1 1 4 2 4
29 7 0 4 1 1 2 4
30 6 1 2
31 1 1 3 2 2
32 1 1 4 2 4
33 4 2 2
34 4 0 5 1 5
35 6 1 3 2 3
36 2 0 1 2 4
37 3 0 3 2 3
38 2 0 4 2 4
39 6 0 2 1 4 2 6
40 2 0 1 2 2
41 5 0 5 1 2 2 2
42 2 1 5
43 1 0 5
44 5 2 4
45 2 1 1 2 4
46 1 1 5 2 2
47 9 1 2 2 2
48 1 1 4 2 4
49 7 2 4
50 0
0 1 2 3
1 4 6 8
2 4 5
3 4 5
4 7 11
5 7 11
6 7 9
7 12
8 10 11
9 13
10 13 16
11 14
12 15
13 17
14 17
15 19
16 18
17 19
18 19 20
19 21
20 21 22 23
21 24 26 28
22 24 25
23 24 25
24 27 31
25 27 31
26 27 29
27 32
28 30 31
29 33
30 33 36
31 34
32 35
33 37
34 37
35 39
36 38
37 39
38 39 40
39 41
40 41 42 43
41 44 46 48
42 44 45
43 44 45
44 47
45 47
46 47 49
47 50
48 50
49 50
50
