51 3 22
0 0
1 0
2 0
3 0
4 0 2
5 1
6 1
7 2
8 2
9 1
10 0 1
11 1
12 2
13 2
14 0 2
15 1 2
16 0 1 2
17 1 2
18 2
19 0 1
20 2
21 1
0 0
1 2 0 5 1 2 2 2
2 1 0 3 2 2
3 1 0 5 1 4 2 3
4 5 0 5 1 5 2 4
5 4 2 4
6 4 0 3 1 5
7 2 1 4 2 4
8 5 1 2
9 5 0 3 1 2
10 4 0 3 2 2
11 1 0 4 1 1
12 3 1 4
13 4 0 2 2 2
14 3 0 5 1 5 2 4
15 2 0 1 1 5
16 3 0 4 1 5 2 4
17 3 0 5 1 3 2 3
18 2 1 2 2 3
19 4 2 6
20 2 0 1 1 6
21 2 0 5 1 2 2 2
22 1 1 5 2 2
23 1 0 5 1 4 2 3
24 5 1 5 2 4
25 4 0 4 1 1 2 4
26 4 1 5
27 2 0 2 1 4
28 5 1 2
29 5 0 3 1 2
30 4 0 3 1 3 2 2
31 1 0 4 1 1
32 3 0 1 2 4
33 4 0 2 1 2
34 3 0 5 1 5 2 4
35 2 0 1 2 4
36 3 0 4 1 5
37 3 0 5 1 3 2 3
38 2 0 3 1 2 2 3
39 4 0 2 1 4
40 2 0 1 1 6
41 2 0 5 2 2
42 1 0 3 1 5 2 2
43 1 0 5 1 4 2 3
44 5 0 5 2 4
45 4 0 4 1 1 2 4
46 4 0 3 1 5 2 2
47 2 0 2 2 4
48 5 1 2 2 2
49 5 0 3
50 0
0 1 2 3
1 4 5
2 4 6 7
3 4 5
4 8 9
5 8 9
6 8 9 11
7 8 10
8 14 15
9 12
10 13
11 12
12 17 18
13 18
14 16
15 16
16 19
17 19 20
18 19
19 21
20 21 22 23
21 24 25
22 24 26 27
23 24 25
24 28 29
25 28 29
26 28 29 31
27 28 30
28 34 35
29 32
30 33
31 32
32 37 38
33 38
34 36
35 36
36 39
37 39 40
38 39
39 41
40 41 42 43
41 44 45
42 44 46 47
43 44 45
44 48 49
45 48 49
46 48 49
47 48
48 50
49 50
50
