51 8 10
0 1 3 4 5 6 7
1 0 2 4 5 6 7
2 0 1 3 4 5 6
3 0 2 3 5 6
4 1 2 4 5 6
5 1 2 4 5 7
6 0 1 2 3 6
7 3 5 6 7
8 1 4 5 7
9 2 3 4 5
0 0 0 1 1 1 2 1 5 1 7 1
1 8 1 1 3 1 4 2 5 1
2 5 0 2 1 1 4 1 5 1
3 2 0 1 1 2 4 1 5 1
4 5 0 1 5 1 6 3
5 4 0 1 1 1 2 1 4 1
6 2 0 2 2 1 6 1
7 1 1 1 4 1 5 1 7 1
8 2 0 2 4 1 6 1
9 4 1 2 2 1 4 1
10 5 0 2 6 1
11 7 0 1 4 1 6 1
12 2 0 1 2 1 3 1
13 7 1 1 4 1 6 1
14 5 0 3
15 2 2 1 3 1 4 2 7 1
16 3 0 2 1 1 6 1 7 1
17 2 0 3 2 1 4 1
18 1 0 3 3 1 6 1
19 2 1 1 2 1 3 1 4 1 7 1
20 2 0 2 1 2
21 8 0 1 3 2 4 1
22 5 0 2 5 1 7 1
23 2 1 1 2 1 3 1 4 1
24 5 0 3 4 1
25 4 3 1 4 1 6 1 7 1
26 2 0 1 1 1 3 1
27 1 1 1 4 2
28 2 0 3
29 4 1 1 4 1 5 1
30 5 0 1 2 1 4 1
31 7 0 2 2 1 4 2
32 2 0 2 1 1 3 1 7 1
33 7 3 1 4 3 5 1
34 5 0 3 1 1 5 1
35 2 0 1 1 1 4 1 5 1 6 1
36 3 0 2 5 2
37 2 0 1 2 1 4 1 5 1
38 1 0 2 1 2
39 2 4 1 5 2 7 1
40 2 0 2 1 1 4 1
41 8 1 1 2 1 4 1
42 5 0 2 5 1
43 2 0 1 4 1 5 1
44 5 0 1 2 2
45 4 0 1 4 1 6 1
46 2 0 2 1 1 7 2
47 1 0 1 2 1 4 2 7 1
48 2 0 2 1 2 6 1
49 4 0 3 4 1 7 1
50 0 0 1 1 2 3 1 6 1
0 1 2 3
1 4 5
2 5 6 7
3 4 5
4 9 12
5 8 12
6 9 12
7 8 9 10
8 11 13 15
9 13
10 14
11 16 18
12 14
13 18
14 17
15 17
16 20
17 20
18 19
19 21
20 21 22 23
21 24 25
22 25 26 27
23 24 25
24 29 32
25 28 32
26 29 32
27 28 29 30
28 31 33 35
29 33
30 34
31 36 38
32 34
33 38
34 37
35 37
36 40
37 40
38 39
39 41
40 41 42 43
41 44 45
42 45 46 47
43 44 45
44 49
45 48
46 49
47 48 49
48 50
49 50
50
