51 3 10
0 0 2
1 0
2 1 2
3 2
4 1
5 0 1 2
6 2
7 0 1
8 1
9 2
0 0
1 8 0 2 1 1 2 1
2 5 0 1 1 2
3 2 0 2 2 1
4 5 0 2 2 2
5 4 0 2 1 2
6 2 1 2 2 1
7 1 1 2 2 2
8 2 0 1 1 1
9 4 0 1 2 1
10 5 0 2 2 2
11 7 0 1 1 1 2 1
12 2 0 1 1 1 2 2
13 7 2 2
14 5 1 2
15 2 1 2 2 2
16 3 0 2
17 2 0 2 2 2
18 1 1 1 2 1
19 2 0 1 2 3
20 2 1 3
21 8 0 2 2 1
22 5 0 1 1 2 2 1
23 2 1 2 2 1
24 5 0 2 2 2
25 4 0 2 1 2 2 2
26 2 0 1 1 2
27 1 0 1
28 2 1 1 2 1
29 4 1 1 2 1
30 5 0 2 2 2
31 7 0 1 1 1
32 2 0 1 1 1
33 7 1 2 2 2
34 5 1 2 2 2
35 2 0 2 1 2
36 3 0 2 1 1 2 1
37 2 0 2 1 2
38 1 1 1 2 1
39 2 0 1
40 2 1 3 2 1
41 8 1 1 2 1
42 5 0 1
43 2 1 2
44 5 0 2
45 4 0 2 1 2
46 2 0 1 2 1
47 1 0 1 1 2
48 2 0 1
49 4 1 1 2 1
50 0
0 1 2 3
1 4 5
2 5 6 7
3 4 5
4 9 12
5 8 12
6 9 12
7 8 9 10
8 11 13 15
9 13
10 14
11 16 18
12 14
13 18
14 17
15 17
16 20
17 20
18 19
19 21
20 21 22 23
21 24 25
22 25 26 27
23 24 25
24 29 32
25 28 32
26 29 32
27 28 29 30
28 31 33 35
29 33
30 34
31 36 38
32 34
33 38
34 37
35 37
36 40
37 40
38 39
39 41
40 41 42 43
41 44 45
42 45 46 47
43 44 45
44 49
45 48
46 49
47 48 49
48 50
49 50
50
