51 3 10
0 0 2
1 0 2
2 1
3 1 2
4 1
5 2
6 0 1 2
7 2
8 0
9 1
0 0
1 5 0 2 1 1 2 1
2 5 0 1 1 2
3 1 0 2 2 1
4 2 0 1
5 3 0 2 2 2
6 2 1 2 2 2
7 5 0 2 2 2
8 3 1 2 2 1
9 3 0 1
10 1 0 1 2 2
11 9 1 2 2 2
12 6 0 1 1 1 2 1
13 2 0 2 2 2
14 5 1 2
15 4 1 1 2 1
16 2 0 1
17 6 0 2 2 2
18 6 1 1 2 1
19 8 1 3 2 1
20 2 0 1
21 5 0 2 2 1
22 5 0 1 1 2 2 1
23 1 1 2 2 1
24 2 0 1 1 2 2 2
25 3 0 2 2 2
26 2 0 2 1 2
27 5 0 2 2 2
28 3 0 1 1 2
29 3 1 1 2 1
30 1 0 1 2 2
31 9 1 2 2 2
32 6 0 1 1 1
33 2 0 2 1 2 2 2
34 5 1 2 2 2
35 4 0 1 1 1
36 2 0 1 1 1 2 1
37 6 0 2 1 2
38 6 1 1 2 1
39 8 1 3
40 2 2 3
41 5 1 1 2 1
42 5 0 1
43 1 1 2
44 2 0 1 1 2
45 3 0 2
46 2 0 2 2 2
47 5 0 2
48 3 0 1 1 2
49 3 0 1 2 1
50 0
0 1 2 3
1 4 8
2 5 6
3 4 6
4 7 12
5 9 12
6 9 10
7 11 13
8 10 12
9 11
10 11 14
11 15
12 16
13 15
14 17 18
15 19 20
16 18
17 20
18 20
19 21
20 21 22 23
21 24 28
22 25 26
23 24 26
24 27 32
25 29 32
26 29 30
27 31 33
28 30 32
29 31
30 31 34
31 35
32 36
33 35
34 37 38
35 39 40
36 38
37 40
38 40
39 41
40 41 42 43
41 44 48
42 45 46
43 44 46
44 47
45 49
46 49
47 50
48 50
49 50
50
