51 8 10
0 2 5 7
1 2 4 5 6
2 4 6 7
3 0 1 2 6
4 0 1 6
5 3 5 6 7
6 4 7
7 1 2 6 7
8 0 1
9 0 3 5 6
0 0 0 1 1 1 2 1 7 1
1 5 0 1 1 1 3 1 4 2
2 5 1 1 4 2 7 1
3 1 0 4 4 1
4 2 0 2 1 1 5 1
5 3 0 1 1 1 3 1 4 1 6 1
6 2 1 1 3 1 6 1
7 5 0 1 1 1 7 3
8 3 0 3
9 3 0 1 1 1 3 1 5 2
10 1 0 1 2 2
11 9 0 2 1 1 4 1 6 1
12 6 0 3
13 2 0 1 1 1 2 1 6 1
14 5 0 1 1 1 2 1
15 4 0 2 1 1 5 1
16 2 0 2 1 1
17 6 0 1 1 2 7 1
18 6 1 2 3 1
19 8 0 1 1 2 4 1
20 2 0 1 1 2 4 1 7 1
21 5 0 2 1 2
22 5 1 2 3 1 4 1 5 1
23 1 0 1 1 2 3 1
24 2 0 1 1 2 2 1 6 1
25 3 0 2 1 1 2 1
26 2 1 2 3 1 4 1 5 1
27 5 1 2 3 1
28 3 0 1 1 2 4 1 5 1
29 3 0 2 5 1
30 1 0 1 1 1 4 1 5 1 6 1
31 9 1 1 2 1 6 1
32 6 0 2 1 1 4 1 7 1
33 2 0 2 7 1
34 5 0 2 3 1 6 1
35 4 0 1 1 1 3 1
36 2 0 2 1 1 3 1
37 6 0 2 7 1
38 6 0 2 3 1 7 1
39 8 0 1 1 2 3 1 7 1
40 2 0 2 1 1 2 1
41 5 0 3 1 1 6 1
42 5 0 2 1 1 2 1
43 1 0 1 1 2 4 1 6 1
44 2 0 1 1 3
45 3 0 1 1 3 5 1
46 2 0 2 1 1
47 5 0 1 1 1 5 1 6 2
48 3 1 3
49 3 1 3 4 1 5 1
50 0 0 2 2 1
0 1 2 3
1 4 8
2 5 6
3 4 6
4 7 12
5 9 12
6 9 10
7 11 13
8 10 12
9 11
10 11 14
11 15
12 16
13 15
14 17 18
15 19 20
16 18
17 20
18 20
19 21
20 21 22 23
21 24 28
22 25 26
23 24 26
24 27 32
25 29 32
26 29 30
27 31 33
28 30 32
29 31
30 31 34
31 35
32 36
33 35
34 37 38
35 39 40
36 38
37 40
38 40
39 41
40 41 42 43
41 44 48
42 45 46
43 44 46
44 47
45 49
46 49
47 50
48 50
49 50
50
