51 8 10
0 2 5 7
1 2 4 5 6
2 4 6 7
3 0 1 2 6
4 0 1 6
5 3 5 6 7
6 4 7
7 1 2 6 7
8 0 1
9 0 3 5 6
0 0 0 1 1 1 2 1 7 1
1 7 0 1 1 1 3 1 4 2
2 2 1 1 4 2 7 1
3 1 0 4 4 1
4 5 0 2 1 1 5 1
5 3 0 1 1 1 3 1 4 1 6 1
6 2 1 1 3 1 6 1
7 8 0 1 1 1 7 3
8 5 0 3
9 1 0 1 1 1 3 1 5 2
10 4 0 1 2 2
11 5 0 2 1 1 4 1 6 1
12 2 0 3
13 2 0 1 1 1 2 1 6 1
14 1 0 1 1 1 2 1
15 2 0 2 1 1 5 1
16 5 0 2 1 1
17 3 0 1 1 2 7 1
18 2 1 2 3 1
19 1 0 1 1 2 4 1
20 1 0 1 1 2 4 1 7 1
21 7 0 2 1 2
22 2 1 2 3 1 4 1 5 1
23 1 0 1 1 2 3 1
24 5 0 1 1 2 2 1 6 1
25 3 0 2 1 1 2 1
26 2 1 2 3 1 4 1 5 1
27 8 1 2 3 1
28 5 0 1 1 2 4 1 5 1
29 1 0 2 5 1
30 4 0 1 1 1 4 1 5 1 6 1
31 5 1 1 2 1 6 1
32 2 0 2 1 1 4 1 7 1
33 2 0 2 7 1
34 1 0 2 3 1 6 1
35 2 0 1 1 1 3 1
36 5 0 2 1 1 3 1
37 3 0 2 7 1
38 2 0 2 3 1 7 1
39 1 0 1 1 2 3 1 7 1
40 1 0 2 1 1 2 1
41 7 0 3 1 1 6 1
42 2 0 2 1 1 2 1
43 1 0 1 1 2 4 1 6 1
44 5 0 1 1 3
45 3 0 1 1 3 5 1
46 2 0 2 1 1
47 8 0 1 1 1 5 1 6 2
48 5 1 3
49 1 1 3 4 1 5 1
50 0 0 2 2 1
0 1 2 3
1 4 9
2 4 9
3 4 5 6 9
4 7 10
5 8 12
6 8 10
7 13
8 11 13
9 10 12
10 13 14
11 17
12 15
13 16
14 16 18
15 17
16 19 20
17 19
18 19
19 21
20 21 22 23
21 24 29
22 24 29
23 24 25 26 29
24 27 30
25 28 32
26 28 30
27 33
28 31 33
29 30 32
30 33 34
31 37
32 35
33 36
34 36 38
35 37
36 39 40
37 39
38 39
39 41
40 41 42 43
41 44 49
42 44 49
43 44 45 46 49
44 47
45 48
46 48
47 50
48 50
49 50
50
