51 8 10
0 1 3 4 5 6 7
1 0 2 4 5 6 7
2 0 1 3 4 5 6
3 0 2 3 5 6
4 1 2 4 5 6
5 1 2 4 5 7
6 0 1 2 3 6
7 3 5 6 7
8 1 4 5 7
9 2 3 4 5
0 0 0 1 1 1 2 1 5 1 7 1
1 5 1 1 3 1 4 2 5 1
2 5 0 2 1 1 4 1 5 1
3 1 0 1 1 2 4 1 5 1
4 2 0 1 5 1 6 3
5 3 0 1 1 1 2 1 4 1
6 2 0 2 2 1 6 1
7 5 1 1 4 1 5 1 7 1
8 3 0 2 4 1 6 1
9 3 1 2 2 1 4 1
10 1 0 2 6 1
11 9 0 1 4 1 6 1
12 6 0 1 2 1 3 1
13 2 1 1 4 1 6 1
14 5 0 3
15 4 2 1 3 1 4 2 7 1
16 2 0 2 1 1 6 1 7 1
17 6 0 3 2 1 4 1
18 6 0 3 3 1 6 1
19 8 1 1 2 1 3 1 4 1 7 1
20 2 0 2 1 2
21 5 0 1 3 2 4 1
22 5 0 2 5 1 7 1
23 1 1 1 2 1 3 1 4 1
24 2 0 3 4 1
25 3 3 1 4 1 6 1 7 1
26 2 0 1 1 1 3 1
27 5 1 1 4 2
28 3 0 3
29 3 1 1 4 1 5 1
30 1 0 1 2 1 4 1
31 9 0 2 2 1 4 2
32 6 0 2 1 1 3 1 7 1
33 2 3 1 4 3 5 1
34 5 0 3 1 1 5 1
35 4 0 1 1 1 4 1 5 1 6 1
36 2 0 2 5 2
37 6 0 1 2 1 4 1 5 1
38 6 0 2 1 2
39 8 4 1 5 2 7 1
40 2 0 2 1 1 4 1
41 5 1 1 2 1 4 1
42 5 0 2 5 1
43 1 0 1 4 1 5 1
44 2 0 1 2 2
45 3 0 1 4 1 6 1
46 2 0 2 1 1 7 2
47 5 0 1 2 1 4 2 7 1
48 3 0 2 1 2 6 1
49 3 0 3 4 1 7 1
50 0 0 1 1 2 3 1 6 1
0 1 2 3
1 4 8
2 5 6
3 4 6
4 7 12
5 9 12
6 9 10
7 11 13
8 10 12
9 11
10 11 14
11 15
12 16
13 15
14 17 18
15 19 20
16 18
17 20
18 20
19 21
20 21 22 23
21 24 28
22 25 26
23 24 26
24 27 32
25 29 32
26 29 30
27 31 33
28 30 32
29 31
30 31 34
31 35
32 36
33 35
34 37 38
35 39 40
36 38
37 40
38 40
39 41
40 41 42 43
41 44 48
42 45 46
43 44 46
44 47
45 49
46 49
47 50
48 50
49 50
50
