51 3 22
0 0
1 0 1
2 0 1
3 0
4 0 1
5 1 2
6 0 1 2
7 0 2
8 2
9 1
10 0 1
11 0 1
12 1 2
13 2
14 1
15 0 1 2
16 2
17 1
18 1
19 1
20 2
21 0
0 0
1 5 0 5 2 2
2 5 1 5 2 2
3 1 0 5 1 4 2 3
4 2 0 2
5 3 0 4 2 4
6 2 1 5 2 4
7 5 0 4 1 1
8 3 0 3 2 2
9 3 0 3 1 3 2 2
10 1 0 3 1 2 2 4
11 9 0 1 2 4
12 6 1 2
13 2 0 5 2 4
14 5 0 1 1 5 2 4
15 4 0 3 2 3
16 2 0 2 1 2 2 2
17 6 0 4 1 5
18 6 1 3
19 8 1 6 2 2
20 2 0 2 1 4 2 6
21 5 0 5 1 2
22 5 0 3 1 5
23 1 0 5 2 3
24 2 0 2 1 4 2 4
25 3 0 4
26 2 0 5 1 5 2 4
27 5 0 4 1 1 2 4
28 3 0 3 1 5 2 2
29 3 1 3 2 2
30 1 0 3 2 4
31 9 0 1 1 4 2 4
32 6 2 2
33 2 0 5
34 5 0 1 1 5
35 4 1 2 2 3
36 2 0 2 1 2 2 2
37 6 0 4 1 5 2 4
38 6 0 5 1 3
39 8 0 1 1 6
40 2 1 4 2 6
41 5 0 5 1 2
42 5 1 5 2 2
43 1 1 4 2 3
44 2 0 2 1 4
45 3 0 4 1 1
46 2 0 5 1 5 2 4
47 5 0 4 2 4
48 3 0 3 2 2
49 3 0 3 1 3
50 0
0 1 2 3
1 4 8
2 5 6
3 4 6
4 7 12
5 9 12
6 9 10
7 11 13
8 10 12
9 11
10 11 14
11 15
12 16
13 15
14 17 18
15 19 20
16 18
17 20
18 20
19 21
20 21 22 23
21 24 28
22 25 26
23 24 26
24 27 32
25 29 32
26 29 30
27 31 33
28 30 32
29 31
30 31 34
31 35
32 36
33 35
34 37 38
35 39 40
36 38
37 40
38 40
39 41
40 41 42 43
41 44 48
42 45 46
43 44 46
44 47
45 49
46 49
47 50
48 50
49 50
50
