51 8 10
0 2 5 7
1 2 4 5 6
2 4 6 7
3 0 1 2 6
4 0 1 6
5 3 5 6 7
6 4 7
7 1 2 6 7
8 0 1
9 0 3 5 6
0 0 0 1 1 1 2 1 7 1
1 2 0 1 1 1 3 1 4 2
2 1 1 1 4 2 7 1
3 1 0 4 4 1
4 5 0 2 1 1 5 1
5 4 0 1 1 1 3 1 4 1 6 1
6 4 1 1 3 1 6 1
7 2 0 1 1 1 7 3
8 5 0 3
9 5 0 1 1 1 3 1 5 2
10 4 0 1 2 2
11 1 0 2 1 1 4 1 6 1
12 3 0 3
13 4 0 1 1 1 2 1 6 1
14 3 0 1 1 1 2 1
15 2 0 2 1 1 5 1
16 3 0 2 1 1
17 3 0 1 1 2 7 1
18 2 1 2 3 1
19 4 0 1 1 2 4 1
20 2 0 1 1 2 4 1 7 1
21 2 0 2 1 2
22 1 1 2 3 1 4 1 5 1
23 1 0 1 1 2 3 1
24 5 0 1 1 2 2 1 6 1
25 4 0 2 1 1 2 1
26 4 1 2 3 1 4 1 5 1
27 2 1 2 3 1
28 5 0 1 1 2 4 1 5 1
29 5 0 2 5 1
30 4 0 1 1 1 4 1 5 1 6 1
31 1 1 1 2 1 6 1
32 3 0 2 1 1 4 1 7 1
33 4 0 2 7 1
34 3 0 2 3 1 6 1
35 2 0 1 1 1 3 1
36 3 0 2 1 1 3 1
37 3 0 2 7 1
38 2 0 2 3 1 7 1
39 4 0 1 1 2 3 1 7 1
40 2 0 2 1 1 2 1
41 2 0 3 1 1 6 1
42 1 0 2 1 1 2 1
43 1 0 1 1 2 4 1 6 1
44 5 0 1 1 3
45 4 0 1 1 3 5 1
46 4 0 2 1 1
47 2 0 1 1 1 5 1 6 2
48 5 1 3
49 5 1 3 4 1 5 1
50 0 0 2 2 1
0 1 2 3
1 4 5
2 4 6 7
3 4 5
4 8 9
5 8 9
6 8 9 11
7 8 10
8 14 15
9 12
10 13
11 12
12 17 18
13 18
14 16
15 16
16 19
17 19 20
18 19
19 21
20 21 22 23
21 24 25
22 24 26 27
23 24 25
24 28 29
25 28 29
26 28 29 31
27 28 30
28 34 35
29 32
30 33
31 32
32 37 38
33 38
34 36
35 36
36 39
37 39 40
38 39
39 41
40 41 42 43
41 44 45
42 44 46 47
43 44 45
44 48 49
45 48 49
46 48 49
47 48
48 50
49 50
50
