51 3 10
0 0 2
1 0
2 1 2
3 2
4 1
5 0 1 2
6 2
7 0 1
8 1
9 2
0 0
1 2 0 2 1 1 2 1
2 1 0 1 1 2
3 1 0 2 2 1
4 5 0 2
5 4 0 2 2 2
6 4 1 2 2 1
7 2 1 2 2 2
8 5 0 1 1 1
9 5 0 1 2 2
10 4 0 1 2 1
11 1 0 2 2 2
12 3 1 2 2 2
13 4 0 1 2 1
14 3 1 2
15 2 1 2 2 2
16 3 0 2
17 3 0 2 2 1
18 2 1 1 2 1
19 4 0 1 2 3
20 2 1 3
21 2 0 2 2 1
22 1 0 1 1 2 2 1
23 1 1 2 2 1
24 5 0 2 1 2 2 2
25 4 0 2 2 2
26 4 0 1 1 2
27 2 0 1
28 5 1 1 2 1
29 5 1 1 2 2
30 4 0 1 2 1
31 1 0 2
32 3 1 2
33 4 0 1 1 1 2 1
34 3 0 2 1 2 2 2
35 2 1 2
36 3 0 2 1 2 2 2
37 3 0 2 1 1
38 2 1 1 2 1
39 4 0 1
40 2 1 3 2 1
41 2 1 1 2 1
42 1 0 1
43 1 1 2
44 5 0 2 1 2
45 4 0 2
46 4 0 1 2 1
47 2 0 1 1 2
48 5 0 1
49 5 1 1 2 2
50 0
0 1 2 3
1 4 5
2 4 6 7
3 4 5
4 8 9
5 8 9
6 8 9 11
7 8 10
8 14 15
9 12
10 13
11 12
12 17 18
13 18
14 16
15 16
16 19
17 19 20
18 19
19 21
20 21 22 23
21 24 25
22 24 26 27
23 24 25
24 28 29
25 28 29
26 28 29 31
27 28 30
28 34 35
29 32
30 33
31 32
32 37 38
33 38
34 36
35 36
36 39
37 39 40
38 39
39 41
40 41 42 43
41 44 45
42 44 46 47
43 44 45
44 48 49
45 48 49
46 48 49
47 48
48 50
49 50
50
