27 8 10
0 2 5 7
1 2 4 5 6
2 4 6 7
3 0 1 2 6
4 0 1 6
5 3 5 6 7
6 4 7
7 1 2 6 7
8 0 1
9 0 3 5 6
0 0 0 1 1 1 2 1 7 1
1 2 0 1 1 1 3 1 4 2
2 4 1 1 4 2 7 1
3 1 0 4 4 1
4 1 0 2 1 1 5 1
5 2 0 1 1 1 3 1 4 1 6 1
6 4 1 1 3 1 6 1
7 2 0 1 1 1 7 3
8 4 0 3
9 7 0 1 1 1 3 1 5 2
10 3 0 1 2 2
11 2 0 2 1 1 4 1 6 1
12 2 0 3
13 4 0 1 1 1 2 1 6 1
14 2 0 1 1 1 2 1
15 5 0 2 1 1 5 1
16 3 0 2 1 1
17 1 0 1 1 2 7 1
18 5 1 2 3 1
19 6 0 1 1 2 4 1
20 1 0 1 1 2 4 1 7 1
21 3 0 2 1 2
22 2 1 2 3 1 4 1 5 1
23 7 0 1 1 2 3 1
24 5 0 1 1 2 2 1 6 1
25 5 0 2 1 1 2 1
26 0 1 2 3 1 4 1 5 1
0 1 2 3
1 4
2 4 7
3 5 6
4 8 10
5 11
6 8
7 9
8 12
9 12 13
10 12 14 15
11 12
12 17
13 16 19
14 16
15 18
16 20 21
17 20 23
18 22
19 20
20 24
21 25
22 24
23 24
24 26
25 26
26
