22 3 22
0 0 1
1 0 2
2 0 1 2
3 0 1
4 1 2
5 1 2
6 1 2
7 1
8 1 2
9 1 2
10 0
11 0
12 1 2
13 1 2
14 2
15 2
16 1
17 2
18 0
19 1
20 0
21 0 1
0 0
1 3 0 3 2 2
2 2 2 3
3 6 2 2
4 1 0 4 1 1
5 3 1 5 2 4
6 2 0 3 1 5
7 1 0 2 2 4
8 2 0 3 1 2
9 2 1 2 2 4
10 1 0 3 1 3 2 2
11 7 0 4 1 1 2 4
12 4 0 1 1 4 2 4
13 4 1 2
14 2 0 5 1 5 2 4
15 1 0 1 1 5 2 4
16 7 0 4 1 5
17 5 0 3 1 2
18 1 0 5 1 3 2 3
19 8 1 4 2 6
20 3 1 6 2 2
21 0
0 1 2 3
1 4 5
2 4 5 6
3 4 7
4 8 9
5 9 11
6 10 11
7 9 11
8 12 13
9 12
10 12
11 12 14 15
12 16 17
13 17
14 17
15 18
16 20
17 19
18 20
19 21
20 21
21
