27 3 22
0 0 2
1 0
2 0 1
3 0 1 2
4 0 1 2
5 1 2
6 1
7 1
8 0 2
9 0 2
10 0
11 0
12 1 2
13 0 1 2
14 1 2
15 0 2
16 0 1 2
17 1 2
18 1
19 0
20 1 2
21 2
0 0
1 5 1 5 2 2
2 5 2 3
3 3 0 5 1 2 2 2
4 4 0 4 1 1
5 1 0 5 1 5 2 4
6 6 0 3 1 5 2 2
7 2 0 2 1 4 2 4
8 6 0 3 1 2
9 3 0 3 1 2
10 3 0 3 2 2
11 1 0 4 1 1
12 3 0 1 1 4 2 4
13 6 0 2 1 2 2 2
14 3 0 5 2 4
15 4 0 1 1 5
16 4 0 4 1 5 2 4
17 3 0 3 1 2 2 3
18 3 0 5 1 3 2 3
19 1 1 4 2 6
20 4 0 1 1 6 2 2
21 6 1 2
22 4 2 4
23 1 0 2 2 1
24 3 1 1 2 3
25 3 2 2
26 0
0 1 2 3
1 4 7
2 4 7
3 5 6 7
4 8 11
5 9 10
6 8 9
7 8 9
8 12 14
9 12
10 15
11 13
12 18
13 17
14 16
15 16 19
16 21 23
17 20
18 20 22
19 21
20 24
21 24
22 24 25
23 24
24 26
25 26
26
