27 8 10
0 1 3 4 5 6 7
1 0 2 4 5 6 7
2 0 1 3 4 5 6
3 0 2 3 5 6
4 1 2 4 5 6
5 1 2 4 5 7
6 0 1 2 3 6
7 3 5 6 7
8 1 4 5 7
9 2 3 4 5
0 0 0 1 1 1 2 1 5 1 7 1
1 5 1 1 3 1 4 2 5 1
2 5 0 2 1 1 4 1 5 1
3 3 0 1 1 2 4 1 5 1
4 4 0 1 5 1 6 3
5 1 0 1 1 1 2 1 4 1
6 6 0 2 2 1 6 1
7 2 1 1 4 1 5 1 7 1
8 6 0 2 4 1 6 1
9 3 1 2 2 1 4 1
10 3 0 2 6 1
11 1 0 1 4 1 6 1
12 3 0 1 2 1 3 1
13 6 1 1 4 1 6 1
14 3 0 3
15 4 2 1 3 1 4 2 7 1
16 4 0 2 1 1 6 1 7 1
17 3 0 3 2 1 4 1
18 3 0 3 3 1 6 1
19 1 1 1 2 1 3 1 4 1 7 1
20 4 0 2 1 2
21 6 0 1 3 2 4 1
22 4 0 2 5 1 7 1
23 1 1 1 2 1 3 1 4 1
24 3 0 3 4 1
25 3 3 1 4 1 6 1 7 1
26 0 0 1 1 1 3 1
0 1 2 3
1 4 7
2 4 7
3 5 6 7
4 8 11
5 9 10
6 8 9
7 8 9
8 12 14
9 12
10 15
11 13
12 18
13 17
14 16
15 16 19
16 21 23
17 20
18 20 22
19 21
20 24
21 24
22 24 25
23 24
24 26
25 26
26
