27 3 10
0 0
1 1
2 0 1
3 2
4 0 2
5 2
6 0 1 2
7 0 1
8 1 2
9 1 2
0 0
1 2 0 1 1 2 2 1
2 4 0 2 2 1
3 8 0 2 1 1 2 1
4 1 0 2 2 2
5 3 0 2 1 2 2 2
6 1 0 1 1 2
7 9 1 2 2 2
8 2 0 1 1 1 2 1
9 2 1 1 2 2
10 9 1 1 2 1
11 3 0 2 2 2
12 5 1 2 2 2
13 2 0 1 1 1
14 2 0 2 1 2 2 2
15 2 1 2 2 2
16 4 0 2 2 2
17 2 0 1 2 1
18 2 0 2 2 1
19 1 0 1 1 2
20 2 1 3
21 5 0 1 1 1
22 3 2 2
23 3 0 1 1 1
24 6 2 1
25 2 0 1 1 1 2 1
26 0
0 1 2 3
1 4
2 4 5 7
3 6
4 9
5 8
6 10 11
7 9
8 12
9 12 14
10 12 13
11 12 15
12 19
13 16 17 18
14 16
15 16
16 22
17 20 23
18 20
19 20 21
20 25
21 24
22 25
23 24
24 26
25 26
26
