27 3 22
0 0
1 0
2 0
3 1 2
4 1 2
5 1
6 1 2
7 1
8 1 2
9 2
10 0 2
11 0
12 2
13 0 2
14 0 2
15 0 2
16 1
17 1
18 1
19 0
20 0 1 2
21 1
0 0
1 2 0 3 2 2
2 4 1 4 2 3
3 8 0 5 1 2
4 1 1 1 2 4
5 3 0 5 2 4
6 1 0 3 2 2
7 9 0 2 1 4 2 4
8 2 0 3 1 2 2 2
9 2 0 3 1 2
10 9 0 3 2 2
11 3 0 4 2 4
12 5 0 1 1 4
13 2 2 2
14 2 1 5 2 4
15 2 0 1 2 4
16 4 1 5 2 4
17 2 0 3 1 2 2 3
18 2 0 5 1 3 2 3
19 1 0 2 1 4 2 6
20 2 0 1 2 2
21 5 0 3
22 3 2 4
23 3 1 2 2 1
24 6 1 1 2 3
25 2 0 2 2 2
26 0
0 1 2 3
1 4
2 4 5 7
3 6
4 9
5 8
6 10 11
7 9
8 12
9 12 14
10 12 13
11 12 15
12 19
13 16 17 18
14 16
15 16
16 22
17 20 23
18 20
19 20 21
20 25
21 24
22 25
23 24
24 26
25 26
26
