27 8 10
0 1 3 4 5 6 7
1 0 2 4 5 6 7
2 0 1 3 4 5 6
3 0 2 3 5 6
4 1 2 4 5 6
5 1 2 4 5 7
6 0 1 2 3 6
7 3 5 6 7
8 1 4 5 7
9 2 3 4 5
0 0 0 1 1 1 2 1 5 1 7 1
1 5 1 1 3 1 4 2 5 1
2 6 0 2 1 1 4 1 5 1
3 2 0 1 1 2 4 1 5 1
4 1 0 1 5 1 6 3
5 4 0 1 1 1 2 1 4 1
6 4 0 2 2 1 6 1
7 1 1 1 4 1 5 1 7 1
8 1 0 2 4 1 6 1
9 2 1 2 2 1 4 1
10 4 0 2 6 1
11 1 0 1 4 1 6 1
12 5 0 1 2 1 3 1
13 3 1 1 4 1 6 1
14 3 0 3
15 2 2 1 3 1 4 2 7 1
16 2 0 2 1 1 6 1 7 1
17 2 0 3 2 1 4 1
18 2 0 3 3 1 6 1
19 1 1 1 2 1 3 1 4 1 7 1
20 2 0 2 1 2
21 3 0 1 3 2 4 1
22 2 0 2 5 1 7 1
23 2 1 1 2 1 3 1 4 1
24 1 0 3 4 1
25 1 3 1 4 1 6 1 7 1
26 0 0 1 1 1 3 1
0 1 2 3
1 5
2 4 6
3 7
4 8
5 8 10
6 9 11
7 8
8 12 15
9 12
10 13 14
11 12
12 16
13 16 18
14 17
15 16 19
16 21 22
17 23
18 20
19 20
20 24
21 25
22 24
23 25
24 26
25 26
26
