27 8 10
0 2 5 7
1 2 4 5 6
2 4 6 7
3 0 1 2 6
4 0 1 6
5 3 5 6 7
6 4 7
7 1 2 6 7
8 0 1
9 0 3 5 6
0 0 0 1 1 1 2 1 7 1
1 5 0 1 1 1 3 1 4 2
2 6 1 1 4 2 7 1
3 2 0 4 4 1
4 1 0 2 1 1 5 1
5 4 0 1 1 1 3 1 4 1 6 1
6 4 1 1 3 1 6 1
7 1 0 1 1 1 7 3
8 1 0 3
9 2 0 1 1 1 3 1 5 2
10 4 0 1 2 2
11 1 0 2 1 1 4 1 6 1
12 5 0 3
13 3 0 1 1 1 2 1 6 1
14 3 0 1 1 1 2 1
15 2 0 2 1 1 5 1
16 2 0 2 1 1
17 2 0 1 1 2 7 1
18 2 1 2 3 1
19 1 0 1 1 2 4 1
20 2 0 1 1 2 4 1 7 1
21 3 0 2 1 2
22 2 1 2 3 1 4 1 5 1
23 2 0 1 1 2 3 1
24 1 0 1 1 2 2 1 6 1
25 1 0 2 1 1 2 1
26 0 1 2 3 1 4 1 5 1
0 1 2 3
1 5
2 4 6
3 7
4 8
5 8 10
6 9 11
7 8
8 12 15
9 12
10 13 14
11 12
12 16
13 16 18
14 17
15 16 19
16 21 22
17 23
18 20
19 20
20 24
21 25
22 24
23 25
24 26
25 26
26
