27 3 22
0 0 2
1 0
2 0 2
3 0 1 2
4 0 1
5 1
6 1
7 0 1
8 2
9 2
10 0
11 0 1
12 0 2
13 0 2
14 0 1 2
15 2
16 0 1 2
17 1
18 2
19 0 2
20 0 2
21 2
0 0
1 5 0 3 1 5
2 1 0 5 2 3
3 1 1 2 2 2
4 3 0 4 1 1 2 4
5 4 0 5 1 5 2 4
6 1 0 3
7 4 0 2 1 4
8 2 0 3 1 2 2 2
9 2 0 3 1 2
10 7 0 3
11 2 0 4 1 1
12 4 0 1 1 4 2 4
13 2 0 2 2 2
14 8 0 5 2 4
15 4 0 1 1 5
16 4 0 4 1 5 2 4
17 3 0 3 1 2
18 3 0 5 1 3 2 3
19 3 0 2 2 6
20 3 1 6
21 4 0 3 1 2 2 1
22 4 0 1 2 4
23 6 0 2 2 1
24 5 1 1
25 1 1 2 2 2
26 0
0 1 2 3
1 4
2 5
3 6 7
4 8 11
5 8
6 9
7 8 10
8 12 15
9 12
10 12 13 14
11 12
12 16
13 17
14 17
15 17 18 19
16 20 22 23
17 20
18 21
19 21
20 24
21 24 25
22 24
23 24
24 26
25 26
26
