27 3 22
0 0 1 2
1 0 2
2 0
3 0 1
4 1
5 1
6 1 2
7 1
8 1 2
9 1 2
10 0 2
11 0
12 2
13 0 2
14 0 2
15 1 2
16 0 1
17 2
18 1
19 1 2
20 2
21 1
0 0
1 2 0 3 2 2
2 3 0 5 1 4
3 2 0 5 1 2 2 2
4 6 1 1
5 3 0 5 2 4
6 4 0 3 1 5 2 2
7 5 0 2 1 4
8 4 0 3 1 2
9 6 0 3 1 2
10 1 0 3 1 3 2 2
11 2 1 1
12 3 0 1 1 4
13 3 1 2 2 2
14 6 0 5 1 5
15 5 0 1 2 4
16 2 1 5 2 4
17 2 0 3 1 2 2 3
18 4 0 5 1 3 2 3
19 2 1 4 2 6
20 2 0 1 2 2
21 1 0 3 1 2 2 1
22 1 2 4
23 1 0 2 1 2 2 1
24 3 2 3
25 4 1 2 2 2
26 0
0 1 2 3
1 4 7
2 4 6
3 4 5
4 8
5 8
6 8 9
7 8 10 11
8 12 14
9 12 13 15
10 12
11 12
12 18
13 16
14 18
15 17 19
16 20
17 22
18 20 23
19 21
20 25
21 24
22 25
23 25
24 26
25 26
26
