27 8 10
0 2 5 7
1 2 4 5 6
2 4 6 7
3 0 1 2 6
4 0 1 6
5 3 5 6 7
6 4 7
7 1 2 6 7
8 0 1
9 0 3 5 6
0 0 0 1 1 1 2 1 7 1
1 5 0 1 1 1 3 1 4 2
2 1 1 1 4 2 7 1
3 1 0 4 4 1
4 3 0 2 1 1 5 1
5 4 0 1 1 1 3 1 4 1 6 1
6 1 1 1 3 1 6 1
7 4 0 1 1 1 7 3
8 2 0 3
9 2 0 1 1 1 3 1 5 2
10 7 0 1 2 2
11 2 0 2 1 1 4 1 6 1
12 4 0 3
13 2 0 1 1 1 2 1 6 1
14 8 0 1 1 1 2 1
15 4 0 2 1 1 5 1
16 4 0 2 1 1
17 3 0 1 1 2 7 1
18 3 1 2 3 1
19 3 0 1 1 2 4 1
20 3 0 1 1 2 4 1 7 1
21 4 0 2 1 2
22 4 1 2 3 1 4 1 5 1
23 6 0 1 1 2 3 1
24 5 0 1 1 2 2 1 6 1
25 1 0 2 1 1 2 1
26 0 1 2 3 1 4 1 5 1
0 1 2 3
1 4
2 5
3 6 7
4 8 11
5 8
6 9
7 8 10
8 12 15
9 12
10 12 13 14
11 12
12 16
13 17
14 17
15 17 18 19
16 20 22 23
17 20
18 21
19 21
20 24
21 24 25
22 24
23 24
24 26
25 26
26
