27 3 22
0 0
1 0 1
2 0 2
3 0 1
4 1
5 1 2
6 1 2
7 1 2
8 0 1 2
9 0 1 2
10 0
11 0 1
12 2
13 2
14 1 2
15 2
16 1 2
17 2
18 0
19 1
20 0 1 2
21 1 2
0 0
1 2 0 3 1 5 2 2
2 4 2 3
3 5 0 5
4 2 0 4 1 1 2 4
5 4 0 5 2 4
6 1 1 5 2 2
7 5 0 2 1 4 2 4
8 3 0 3 1 2
9 3 2 4
10 3 2 2
11 1 1 1
12 3 1 4
13 2 1 2 2 2
14 6 1 5 2 4
15 4 0 1 2 4
16 3 0 4 2 4
17 2 1 2 2 3
18 1 0 5 2 3
19 2 0 2 2 6
20 2 0 1 2 2
21 6 0 3
22 2 0 1 2 4
23 2 0 2 1 2 2 1
24 1 1 1 2 3
25 5 0 2 2 2
26 0
0 1 2 3
1 5 6
2 5
3 4 7
4 8
5 8 11
6 8 10
7 8 9
8 15
9 12
10 14
11 13
12 17
13 17
14 16 18
15 19
16 21
17 20
18 22
19 20 23
20 24
21 24
22 24
23 25
24 26
25 26
26
