18 8 10
0 2 5 7
1 2 4 5 6
2 4 6 7
3 0 1 2 6
4 0 1 6
5 3 5 6 7
6 4 7
7 1 2 6 7
8 0 1
9 0 3 5 6
0 0 0 1 1 1 2 1 7 1
1 2 0 1 1 1 3 1 4 2
2 2 1 1 4 2 7 1
3 6 0 4 4 1
4 4 0 2 1 1 5 1
5 4 0 1 1 1 3 1 4 1 6 1
6 5 1 1 3 1 6 1
7 0 0 1 1 1 7 3
8 3 0 3
9 3 0 1 1 1 3 1 5 2
10 8 0 1 2 2
11 1 0 2 1 1 4 1 6 1
12 5 0 3
13 1 0 1 1 1 2 1 6 1
14 0 0 1 1 1 2 1
15 5 0 2 1 1 5 1
16 8 0 2 1 1
17 0 0 1 1 2 7 1
0 1 2 3 4 5
1 16
2 6 7
3 8 12 13
4 9 11
5 10
6 16
7 8 12 13
8 9 11
9 17
10 17
11 14 15
12 14 15
13 16
14 16
15 17
16 17
17
