18 8 10
0 1 3 4 5 6 7
1 0 2 4 5 6 7
2 0 1 3 4 5 6
3 0 2 3 5 6
4 1 2 4 5 6
5 1 2 4 5 7
6 0 1 2 3 6
7 3 5 6 7
8 1 4 5 7
9 2 3 4 5
0 0 0 1 1 1 2 1 5 1 7 1
1 2 1 1 3 1 4 2 5 1
2 2 0 2 1 1 4 1 5 1
3 6 0 1 1 2 4 1 5 1
4 4 0 1 5 1 6 3
5 4 0 1 1 1 2 1 4 1
6 5 0 2 2 1 6 1
7 0 1 1 4 1 5 1 7 1
8 3 0 2 4 1 6 1
9 3 1 2 2 1 4 1
10 8 0 2 6 1
11 1 0 1 4 1 6 1
12 5 0 1 2 1 3 1
13 1 1 1 4 1 6 1
14 0 0 3
15 5 2 1 3 1 4 2 7 1
16 8 0 2 1 1 6 1 7 1
17 0 0 3 2 1 4 1
0 1 2 3 4 5
1 16
2 6 7
3 8 12 13
4 9 11
5 10
6 16
7 8 12 13
8 9 11
9 17
10 17
11 14 15
12 14 15
13 16
14 16
15 17
16 17
17
