27 3 10
0 0
1 1
2 0 1
3 2
4 0 2
5 2
6 0 1 2
7 0 1
8 1 2
9 1 2
0 0
1 2 0 1 1 2 2 1
2 3 0 2 2 1
3 2 0 2 1 1 2 1
4 6 0 2 2 2
5 3 0 2 1 2 2 2
6 4 0 1 1 2
7 5 1 2 2 2
8 4 0 1 1 1 2 1
9 6 1 1 2 2
10 1 1 1 2 1
11 2 0 2 2 2
12 3 1 2 2 2
13 3 0 1 1 1
14 6 0 2 1 2 2 2
15 5 1 2 2 2
16 2 0 2 2 2
17 2 0 1 2 1
18 4 0 2 2 1
19 2 0 1 1 2
20 2 1 3
21 1 0 1 1 1
22 1 2 2
23 1 0 1 1 1
24 3 2 1
25 4 0 1 1 1 2 1
26 0
0 1 2 3
1 4 7
2 4 6
3 4 5
4 8
5 8
6 8 9
7 8 10 11
8 12 14
9 12 13 15
10 12
11 12
12 18
13 16
14 18
15 17 19
16 20
17 22
18 20 23
19 21
20 25
21 24
22 25
23 25
24 26
25 26
26
