27 8 10
0 1 3 4 5 6 7
1 0 2 4 5 6 7
2 0 1 3 4 5 6
3 0 2 3 5 6
4 1 2 4 5 6
5 1 2 4 5 7
6 0 1 2 3 6
7 3 5 6 7
8 1 4 5 7
9 2 3 4 5
0 0 0 1 1 1 2 1 5 1 7 1
1 2 1 1 3 1 4 2 5 1
2 3 0 2 1 1 4 1 5 1
3 2 0 1 1 2 4 1 5 1
4 6 0 1 5 1 6 3
5 3 0 1 1 1 2 1 4 1
6 4 0 2 2 1 6 1
7 5 1 1 4 1 5 1 7 1
8 4 0 2 4 1 6 1
9 6 1 2 2 1 4 1
10 1 0 2 6 1
11 2 0 1 4 1 6 1
12 3 0 1 2 1 3 1
13 3 1 1 4 1 6 1
14 6 0 3
15 5 2 1 3 1 4 2 7 1
16 2 0 2 1 1 6 1 7 1
17 2 0 3 2 1 4 1
18 4 0 3 3 1 6 1
19 2 1 1 2 1 3 1 4 1 7 1
20 2 0 2 1 2
21 1 0 1 3 2 4 1
22 1 0 2 5 1 7 1
23 1 1 1 2 1 3 1 4 1
24 3 0 3 4 1
25 4 3 1 4 1 6 1 7 1
26 0 0 1 1 1 3 1
0 1 2 3
1 4 7
2 4 6
3 4 5
4 8
5 8
6 8 9
7 8 10 11
8 12 14
9 12 13 15
10 12
11 12
12 18
13 16
14 18
15 17 19
16 20
17 22
18 20 23
19 21
20 25
21 24
22 25
23 25
24 26
25 26
26
