27 8 10
0 2 5 7
1 2 4 5 6
2 4 6 7
3 0 1 2 6
4 0 1 6
5 3 5 6 7
6 4 7
7 1 2 6 7
8 0 1
9 0 3 5 6
0 0 0 1 1 1 2 1 7 1
1 2 0 1 1 1 3 1 4 2
2 4 1 1 4 2 7 1
3 8 0 4 4 1
4 1 0 2 1 1 5 1
5 3 0 1 1 1 3 1 4 1 6 1
6 1 1 1 3 1 6 1
7 9 0 1 1 1 7 3
8 2 0 3
9 2 0 1 1 1 3 1 5 2
10 9 0 1 2 2
11 3 0 2 1 1 4 1 6 1
12 5 0 3
13 2 0 1 1 1 2 1 6 1
14 2 0 1 1 1 2 1
15 2 0 2 1 1 5 1
16 4 0 2 1 1
17 2 0 1 1 2 7 1
18 2 1 2 3 1
19 1 0 1 1 2 4 1
20 2 0 1 1 2 4 1 7 1
21 5 0 2 1 2
22 3 1 2 3 1 4 1 5 1
23 3 0 1 1 2 3 1
24 6 0 1 1 2 2 1 6 1
25 2 0 2 1 1 2 1
26 0 1 2 3 1 4 1 5 1
0 1 2 3
1 4
2 4 5 7
3 6
4 9
5 8
6 10 11
7 9
8 12
9 12 14
10 12 13
11 12 15
12 19
13 16 17 18
14 16
15 16
16 22
17 20 23
18 20
19 20 21
20 25
21 24
22 25
23 24
24 26
25 26
26
