27 8 10
0 2 5 7
1 2 4 5 6
2 4 6 7
3 0 1 2 6
4 0 1 6
5 3 5 6 7
6 4 7
7 1 2 6 7
8 0 1
9 0 3 5 6
0 0 0 1 1 1 2 1 7 1
1 2 0 1 1 1 3 1 4 2
2 3 1 1 4 2 7 1
3 1 0 4 4 1
4 2 0 2 1 1 5 1
5 9 0 1 1 1 3 1 4 1 6 1
6 4 1 1 3 1 6 1
7 7 0 1 1 1 7 3
8 1 0 3
9 6 0 1 1 1 3 1 5 2
10 3 0 1 2 2
11 4 0 2 1 1 4 1 6 1
12 3 0 3
13 3 0 1 1 1 2 1 6 1
14 5 0 1 1 1 2 1
15 1 0 2 1 1 5 1
16 3 0 2 1 1
17 7 0 1 1 2 7 1
18 7 1 2 3 1
19 4 0 1 1 2 4 1
20 2 0 1 1 2 4 1 7 1
21 7 0 2 1 2
22 3 1 2 3 1 4 1 5 1
23 4 0 1 1 2 3 1
24 5 0 1 1 2 2 1 6 1
25 5 0 2 1 1 2 1
26 0 1 2 3 1 4 1 5 1
0 1 2 3
1 4 5 6
2 4 7
3 4
4 8 9
5 8 10
6 8
7 11
8 15
9 12 14
10 13
11 12
12 16
13 16 19
14 18
15 17
16 20
17 20 22
18 20 21
19 20 23
20 24
21 25
22 25
23 25
24 26
25 26
26
