27 8 10
0 1 3 4 5 6 7
1 0 2 4 5 6 7
2 0 1 3 4 5 6
3 0 2 3 5 6
4 1 2 4 5 6
5 1 2 4 5 7
6 0 1 2 3 6
7 3 5 6 7
8 1 4 5 7
9 2 3 4 5
0 0 0 1 1 1 2 1 5 1 7 1
1 2 1 1 3 1 4 2 5 1
2 3 0 2 1 1 4 1 5 1
3 1 0 1 1 2 4 1 5 1
4 2 0 1 5 1 6 3
5 9 0 1 1 1 2 1 4 1
6 4 0 2 2 1 6 1
7 7 1 1 4 1 5 1 7 1
8 1 0 2 4 1 6 1
9 6 1 2 2 1 4 1
10 3 0 2 6 1
11 4 0 1 4 1 6 1
12 3 0 1 2 1 3 1
13 3 1 1 4 1 6 1
14 5 0 3
15 1 2 1 3 1 4 2 7 1
16 3 0 2 1 1 6 1 7 1
17 7 0 3 2 1 4 1
18 7 0 3 3 1 6 1
19 4 1 1 2 1 3 1 4 1 7 1
20 2 0 2 1 2
21 7 0 1 3 2 4 1
22 3 0 2 5 1 7 1
23 4 1 1 2 1 3 1 4 1
24 5 0 3 4 1
25 5 3 1 4 1 6 1 7 1
26 0 0 1 1 1 3 1
0 1 2 3
1 4 5 6
2 4 7
3 4
4 8 9
5 8 10
6 8
7 11
8 15
9 12 14
10 13
11 12
12 16
13 16 19
14 18
15 17
16 20
17 20 22
18 20 21
19 20 23
20 24
21 25
22 25
23 25
24 26
25 26
26
