27 3 22
0 0
1 0
2 0
3 0 1
4 0 1
5 1 2
6 1 2
7 1 2
8 1 2
9 0 1 2
10 0
11 0 2
12 2
13 1 2
14 1 2
15 2
16 1
17 0 1 2
18 0
19 2
20 1
21 1
0 0
1 2 1 5 2 2
2 3 0 5 1 4
3 1 0 5 1 2
4 2 0 4 1 1 2 4
5 9 0 5 2 4
6 4 1 5
7 7 0 2 1 4
8 1 0 3 1 2
9 6 0 3 1 2
10 3 0 3 1 3
11 4 2 4
12 3 2 4
13 3 2 2
14 5 0 5 2 4
15 1 0 1 1 5
16 3 0 4 1 5
17 7 0 3 2 3
18 7 0 5 2 3
19 4 0 2 1 4 2 6
20 2 1 6
21 7 0 3 1 2
22 3 0 1 2 4
23 4 0 2 1 2 2 1
24 5 2 3
25 5 0 2 2 2
26 0
0 1 2 3
1 4 5 6
2 4 7
3 4
4 8 9
5 8 10
6 8
7 11
8 15
9 12 14
10 13
11 12
12 16
13 16 19
14 18
15 17
16 20
17 20 22
18 20 21
19 20 23
20 24
21 25
22 25
23 25
24 26
25 26
26
