27 3 10
0 0
1 1
2 0 1
3 2
4 0 2
5 2
6 0 1 2
7 0 1
8 1 2
9 1 2
0 0
1 5 0 1 1 2 2 1
2 6 0 2 2 1
3 2 0 2 1 1 2 1
4 1 0 2 2 2
5 4 0 2 1 2 2 2
6 4 0 1 1 2
7 1 1 2 2 2
8 1 0 1 1 1 2 1
9 2 1 1 2 2
10 4 1 1 2 1
11 1 0 2 2 2
12 5 1 2 2 2
13 3 0 1 1 1
14 3 0 2 1 2 2 2
15 2 1 2 2 2
16 2 0 2 2 2
17 2 0 1 2 1
18 2 0 2 2 1
19 1 0 1 1 2
20 2 1 3
21 3 0 1 1 1
22 2 2 2
23 2 0 1 1 1
24 1 2 1
25 1 0 1 1 1 2 1
26 0
0 1 2 3
1 5
2 4 6
3 7
4 8
5 8 10
6 9 11
7 8
8 12 15
9 12
10 13 14
11 12
12 16
13 16 18
14 17
15 16 19
16 21 22
17 23
18 20
19 20
20 24
21 25
22 24
23 25
24 26
25 26
26
