27 3 10
0 0 1
1 0 1 2
2 0 1
3 2
4 0
5 2
6 2
7 0 1
8 0 2
9 1
0 0
1 5 0 1 1 2 2 1
2 1 0 2 1 2
3 1 0 2 2 1
4 3 0 2 2 2
5 4 0 2 1 2
6 1 1 2 2 1
7 4 1 2 2 2
8 2 0 1 1 1
9 2 0 1 2 2
10 7 0 1 2 1
11 2 0 2 2 2
12 4 1 2 2 2
13 2 0 1 2 1
14 8 1 2
15 4 1 2 2 2
16 4 0 2
17 3 0 1 2 1
18 3 1 1 2 1
19 3 0 1 2 3
20 3 1 3
21 4 0 1
22 4 2 2
23 6 0 1 1 1
24 5 2 1
25 1 0 1 1 1 2 1
26 0
0 1 2 3
1 4
2 5
3 6 7
4 8 11
5 8
6 9
7 8 10
8 12 15
9 12
10 12 13 14
11 12
12 16
13 17
14 17
15 17 18 19
16 20 22 23
17 20
18 21
19 21
20 24
21 24 25
22 24
23 24
24 26
25 26
26
