27 3 22
0 0 1
1 0 2
2 0 1
3 0 1
4 1
5 0 1
6 0 1 2
7 1 2
8 2
9 2
10 0
11 0
12 1 2
13 1 2
14 1 2
15 1 2
16 1
17 1
18 1
19 0
20 2
21 2
0 0
1 5 0 3 2 2
2 6 0 5
3 2 0 5 2 2
4 1 0 4 1 1 2 4
5 4 0 5 2 4
6 4 0 3
7 1 2 4
8 1 0 3 2 2
9 2 1 2 2 4
10 4 2 2
11 1 0 4 1 1 2 4
12 5 0 1 1 4 2 4
13 3 0 2 1 2 2 2
14 3 0 5 1 5
15 2 0 1 2 4
16 2 0 4
17 2 0 3 2 3
18 2 1 3 2 3
19 1 1 4
20 2 0 1 1 6 2 2
21 3 1 2 2 1
22 2 0 1 2 4
23 2 2 1
24 1 1 1 2 3
25 1 0 2 1 2 2 2
26 0
0 1 2 3
1 5
2 4 6
3 7
4 8
5 8 10
6 9 11
7 8
8 12 15
9 12
10 13 14
11 12
12 16
13 16 18
14 17
15 16 19
16 21 22
17 23
18 20
19 20
20 24
21 25
22 24
23 25
24 26
25 26
26
